0 -10173000
1 -10176000
2 -10185000
3 -10201000
4 -10223000
5 -10252000
6 -10290000
7 -10339000
8 -10397000
9 -10464000
10 -10537000
11 -10615000
12 -10696000
13 -10779000
14 -10862000
15 -10943000
16 -11020000
17 -11093000
18 -11162000
19 -11227000
20 -11288000
21 -11343000
22 -11392000
23 -11434000
24 -11467000
25 -11490000
26 -11503000
27 -11502000
28 -11485000
29 -11454000
30 -11408000
31 -11346000
32 -11267000
33 -11170000
34 -11051000
35 -10910000
36 -10744000
37 -10552000
38 -10332000
39 -10082000
40 -9800500
41 -9490100
42 -9154100
43 -8794900
44 -8415200
45 -8016500
46 -7600300
47 -7169700
48 -6727200
49 -6273300
50 -5809000
51 -5334500
52 -4850600
53 -4360100
54 -3865700
55 -3369100
56 -2872200
57 -2375400
58 -1879200
59 -1385000
60 -893790
61 -405360
62 80249
63 563460
64 1044100
65 1519200
66 1985700
67 2442000
68 2886000
69 3316000
70 3730700
71 4127700
72 4505800
73 4866500
74 5211500
75 5542500
76 5861200
77 6167500
78 6461300
79 6743900
80 7016300
81 7279500
82 7534600
83 7781900
84 8021800
85 8256700
86 8488500
87 8719100
88 8949700
89 9178800
90 9404600
91 9626400
92 9843100
93 10054000
94 10258000
95 10454000
96 10641000
97 10819000
98 10990000
99 11155000
100 11315000
101 11469000
102 11615000
103 11755000
104 11889000
105 12016000
106 12138000
107 12253000
108 12362000
109 12467000
110 12568000
111 12667000
112 12766000
113 12861000
114 12951000
115 13034000
116 13109000
117 13175000
118 13232000
119 13278000
120 13312000
121 13338000
122 13357000
123 13375000
124 13395000
125 13414000
126 13433000
127 13452000
128 13472000
129 13499000
130 13538000
131 13591000
132 13661000
133 13754000
134 13871000
135 14020000
136 14201000
137 14409000
138 14635000
139 14872000
140 15113000
141 15358000
142 15606000
143 15856000
144 16101000
145 16334000
146 16545000
147 16731000
148 16886000
149 17002000
150 17069000
151 17079000
152 17025000
153 16919000
154 16774000
155 16602000
156 16415000
157 16212000
158 15994000
159 15765000
160 15532000
161 15308000
162 15108000
163 14938000
164 14808000
165 14721000
166 14683000
167 14713000
168 14815000
169 14973000
170 15168000
171 15335000
172 15443000
173 15551000
174 15709000
175 16066000
176 16672000
177 17301000
178 17745000
179 17620000
180 16732000
181 15547000
182 14482000
183 14183000
184 14990000
185 15987000
186 16345000
187 15180000
188 11961000
189 7932100
190 4297800
191 1904900
192 1439000
193 2054700
194 2849100
195 3569200
196 3856300
197 3904200
198 3998400
199 3917300
200 3578700
201 3074600
202 2437900
203 1824400
204 1378500
205 1048500
206 796840
207 662140
208 638340
209 701410
210 832990
211 976110
212 1084700
213 1173300
214 1252600
215 1312900
216 1356400
217 1384700
218 1398300
219 1413000
220 1440300
221 1474000
222 1509800
223 1548000
224 1586500
225 1627800
226 1674600
227 1723700
228 1774100
229 1828900
230 1890500
231 1961900
232 2045000
233 2135900
234 2230800
235 2326200
236 2418900
237 2509600
238 2598600
239 2684500
240 2765900
241 2837400
242 2893700
243 2932400
244 2950500
245 2944600
246 2912300
247 2848000
248 2749600
249 2623700
250 2476900
251 2319900
252 2160800
253 1991200
254 1805300
255 1603700
256 1388400
257 1176400
258 986680
259 816970
260 675240
261 596380
262 606880
263 733910
264 991780
265 1335400
266 1716000
267 2123600
268 2527800
269 2869800
270 3104000
271 3169300
272 3030100
273 2755800
274 2419000
275 2031900
276 1637900
277 1315800
278 1122700
279 1150900
280 1446000
281 1877400
282 2311600
283 2700900
284 2956400
285 2970300
286 2665300
287 1895100
288 589440
289 -1069900
290 -2898200
291 -4790400
292 -6602200
293 -8239000
294 -9631300
295 -10604000
296 -11064000
297 -11143000
298 -10971000
299 -10649000
300 -10296000
301 -9920500
302 -9523800
303 -9204000
304 -9011100
305 -8906700
306 -8860800
307 -8820900
308 -8741200
309 -8667300
310 -8639600
311 -8657600
312 -8730900
313 -8847600
314 -8989600
315 -9168700
316 -9385800
317 -9616600
318 -9841800
319 -10037000
320 -10183000
321 -10294000
322 -10383000
323 -10456000
324 -10519000
325 -10567000
326 -10595000
327 -10608000
328 -10610000
329 -10600000
330 -10578000
331 -10541000
332 -10487000
333 -10424000
334 -10360000
335 -10301000
336 -10251000
337 -10204000
338 -10153000
339 -10096000
340 -10028000
341 -9947100
342 -9852900
343 -9739000
344 -9602700
345 -9450100
346 -9287300
347 -9121000
348 -8957300
349 -8794300
350 -8630400
351 -8467700
352 -8308000
353 -8158000
354 -8024700
355 -7909600
356 -7816200
357 -7751500
358 -7720700
359 -7731100
360 -7786500
361 -7877600
362 -7995100
363 -8130200
364 -8273800
365 -8425400
366 -8583600
367 -8742100
368 -8895500
369 -9035700
370 -9154100
371 -9247700
372 -9311900
373 -9336000
374 -9311900
375 -9229300
376 -9082500
377 -8881500
378 -8636900
379 -8358800
380 -8057400
381 -7731000
382 -7379200
383 -7007700
384 -6621900
385 -6233500
386 -5854700
387 -5488700
388 -5141900
389 -4828600
390 -4559400
391 -4349400
392 -4205700
393 -4109300
394 -4040200
395 -3979700
396 -3908900
397 -3828800
398 -3739100
399 -3628300
400 -3486600
401 -3295900
402 -3036600
403 -2705900
404 -2294800
405 -1778000
406 -1136800
407 -347680
408 599990
409 1671200
410 2828900
411 4043300
412 5281400
413 6532500
414 7785800
415 9011200
416 10185000
417 11289000
418 12304000
419 13227000
420 14047000
421 14727000
422 15237000
423 15548000
424 15642000
425 15550000
426 15305000
427 14922000
428 14430000
429 13842000
430 13173000
431 12457000
432 11717000
433 10952000
434 10162000
435 9343400
436 8494900
437 7640900
438 6803700
439 5994800
440 5224800
441 4487900
442 3775500
443 3091700
444 2434600
445 1795100
446 1166600
447 536020
448 -104130
449 -738700
450 -1352900
451 -1938100
452 -2483800
453 -2988100
454 -3450600
455 -3862000
456 -4217900
457 -4524500
458 -4787300
459 -5014000
460 -5211800
461 -5378200
462 -5511600
463 -5615100
464 -5690900
465 -5744300
466 -5781400
467 -5803800
468 -5814700
469 -5822200
470 -5833100
471 -5854900
472 -5893200
473 -5944400
474 -6004800
475 -6073600
476 -6148700
477 -6229000
478 -6314200
479 -6400500
480 -6485900
481 -6574500
482 -6670100
483 -6775700
484 -6894400
485 -7025900
486 -7169600
487 -7327500
488 -7500100
489 -7685700
490 -7882700
491 -8089000
492 -8302100
493 -8522400
494 -8749700
495 -8982800
496 -9220600
497 -9461500
498 -9703800
499 -9946900
500 -10190000
501 -10429000
502 -10663000
503 -10889000
504 -11105000
505 -11312000
506 -11510000
507 -11698000
508 -11876000
509 -12045000
510 -12206000
511 -12360000
512 -10515000
513 -10525000
514 -10530000
515 -10531000
516 -10527000
517 -10517000
518 -10502000
519 -10482000
520 -10456000
521 -10426000
522 -10393000
523 -10359000
524 -10325000
525 -10291000
526 -10255000
527 -10218000
528 -10178000
529 -10140000
530 -10110000
531 -10088000
532 -10077000
533 -10079000
534 -10097000
535 -10133000
536 -10191000
537 -10264000
538 -10348000
539 -10434000
540 -10517000
541 -10603000
542 -10696000
543 -10795000
544 -10898000
545 -10994000
546 -11072000
547 -11137000
548 -11186000
549 -11185000
550 -11108000
551 -10932000
552 -10645000
553 -10286000
554 -9897700
555 -9476900
556 -9044600
557 -8671700
558 -8411600
559 -8330100
560 -8462300
561 -8709100
562 -8966700
563 -9214500
564 -9391100
565 -9389100
566 -9130600
567 -8489100
568 -7403200
569 -6048500
570 -4605300
571 -3157700
572 -1835600
573 -757870
574 -11527
575 222500
576 -150090
577 -958000
578 -2028400
579 -3252200
580 -4486100
581 -5663500
582 -6736400
583 -7548200
584 -8013900
585 -8232700
586 -8298300
587 -8280600
588 -8265600
589 -8255000
590 -8242000
591 -8302600
592 -8463700
593 -8645100
594 -8774400
595 -8779200
596 -8587200
597 -8208700
598 -7656900
599 -6887500
600 -5890300
601 -4700900
602 -3350900
603 -1920900
604 -469310
605 1063300
606 2717800
607 4503300
608 6415300
609 8326000
610 10100000
611 11713000
612 13092000
613 14075000
614 14536000
615 14308000
616 13303000
617 11730000
618 9809100
619 7652300
620 5423300
621 3248100
622 1223200
623 -433900
624 -1596900
625 -2402700
626 -2984900
627 -3439200
628 -3882700
629 -4310800
630 -4710800
631 -5179300
632 -5759200
633 -6389600
634 -7019800
635 -7587200
636 -8030800
637 -8375700
638 -8646900
639 -8823200
640 -8906100
641 -8917600
642 -8875800
643 -8812600
644 -8757700
645 -8712900
646 -8680100
647 -8674600
648 -8701100
649 -8750200
650 -8812600
651 -8875300
652 -8925200
653 -8962200
654 -8985900
655 -8987400
656 -8962600
657 -8915000
658 -8847200
659 -8765500
660 -8675100
661 -8570900
662 -8449000
663 -8308900
664 -8150300
665 -7978100
666 -7797700
667 -7611300
668 -7422400
669 -7235000
670 -7052800
671 -6881300
672 -6725000
673 -6584600
674 -6461100
675 -6354800
676 -6266200
677 -6199400
678 -6157500
679 -6142800
680 -6156400
681 -6195300
682 -6255700
683 -6336000
684 -6433200
685 -6544600
686 -6667700
687 -6798000
688 -11015000
689 -10950000
690 -10881000
691 -10809000
692 -10732000
693 -10651000
694 -10565000
695 -10474000
696 -10378000
697 -10278000
698 -10176000
699 -10073000
700 -9970500
701 -9869300
702 -9769900
703 -9673400
704 -9581000
705 -9493500
706 -9411900
707 -9336300
708 -9267100
709 -9206100
710 -9154500
711 -9113400
712 -9083500
713 -9063300
714 -9050900
715 -9045400
716 -9045500
717 -9049800
718 -9057300
719 -9065800
720 -9073800
721 -9081600
722 -9089500
723 -9097500
724 -9105600
725 -9112700
726 -9117600
727 -9120000
728 -9119100
729 -9114100
730 -9104000
731 -9087400
732 -9063000
733 -9031100
734 -8991500
735 -8943900
736 -8888100
737 -8822000
738 -8744000
739 -8653200
740 -8548600
741 -8428400
742 -8291600
743 -8136500
744 -7962100
745 -7770200
746 -7562600
747 -7340600
748 -7105800
749 -6859000
750 -6601100
751 -6334000
752 -6059100
753 -5776400
754 -5486100
755 -5188400
756 -4883300
757 -4572500
758 -4257200
759 -3938400
760 -3616900
761 -3293300
762 -2967900
763 -2641900
764 -2315900
765 -1989900
766 -1663700
767 -1337300
768 -1010800
769 -685940
770 -364610
771 -47612
772 263890
773 568640
774 865700
775 1153500
776 1431400
777 1700700
778 1963100
779 2219800
780 2472300
781 2721200
782 2967000
783 3211500
784 3455700
785 3699800
786 3944000
787 4188400
788 4433100
789 4679500
790 4928800
791 5181800
792 5439300
793 5701500
794 5968500
795 6241100
796 6519800
797 6804100
798 7093900
799 7388700
800 7688300
801 7994400
802 8308500
803 8631300
804 8963500
805 9306300
806 9660100
807 10026000
808 10405000
809 10794000
810 11193000
811 11600000
812 12012000
813 12429000
814 12850000
815 13275000
816 13700000
817 14126000
818 14551000
819 14975000
820 15397000
821 15816000
822 16229000
823 16635000
824 17032000
825 17422000
826 17803000
827 18176000
828 18539000
829 18894000
830 19241000
831 19578000
832 19907000
833 20227000
834 20535000
835 20830000
836 21112000
837 21380000
838 21633000
839 21871000
840 22093000
841 22299000
842 22489000
843 22665000
844 22825000
845 22971000
846 23102000
847 23217000
848 23316000
849 23401000
850 23472000
851 23529000
852 23573000
853 23604000
854 23623000
855 23631000
856 23630000
857 23616000
858 23591000
859 23552000
860 23498000
861 23430000
862 23347000
863 23248000
864 23134000
865 23003000
866 22855000
867 22692000
868 22512000
869 22316000
870 22102000
871 21870000
872 21620000
873 21353000
874 21071000
875 20774000
876 20463000
877 20139000
878 19804000
879 19458000
880 19103000
881 18740000
882 18367000
883 17986000
884 17596000
885 17199000
886 16795000
887 16385000
888 15969000
889 15548000
890 15124000
891 14697000
892 14268000
893 13839000
894 13408000
895 12977000
896 12546000
897 12117000
898 11691000
899 11269000
900 10851000
901 10440000
902 10036000
903 9641100
904 9255400
905 8878500
906 8509600
907 8148200
908 7793500
909 7445500
910 7104100
911 6768700
912 6438700
913 6114100
914 5794800
915 5480800
916 5172200
917 4868200
918 4568000
919 4271100
920 3977000
921 3686300
922 3399400
923 3116600
924 2838000
925 2564100
926 2295000
927 2031400
928 1773700
929 1521400
930 1273900
931 1030900
932 792170
933 557610
934 327320
935 101040
936 -121360
937 -339770
938 -554110
939 -764170
940 -969790
941 -1171200
942 -1368500
943 -1561800
944 -1751200
945 -1936400
946 -2117400
947 -2294000
948 -2466300
949 -2634000
950 -2797100
951 -2955300
952 -3108500
953 -3257200
954 -3401500
955 -3541800
956 -3678300
957 -3811200
958 -3940700
959 -4067100
960 -4190600
961 -4311300
962 -4429200
963 -4544400
964 -4657000
965 -4767200
966 -4875300
967 -4981300
968 -5085500
969 -5188000
970 -5288900
971 -5388400
972 -5486600
973 -5583700
974 -5679600
975 -5774600
976 -5868600
977 -5961900
978 -6054700
979 -6147200
980 -6239400
981 -6331600
982 -6423900
983 -6516500
984 -6609500
985 -6703000
986 -6796900
987 -6891300
988 -6986200
989 -7081600
990 -7177600
991 -7273900
992 -7370600
993 -7468000
994 -7566100
995 -7665300
996 -7765500
997 -7866800
998 -7969200
999 -8072800
1000 -8177700
1001 -8283700
1002 -8390600
1003 -8498000
1004 -8605800
1005 -8714200
1006 -8823100
1007 -8932700
1008 -9042800
1009 -9153000
1010 -9262400
1011 -9370900
1012 -9478100
1013 -9583500
1014 -9686500
1015 -9786400
1016 -9883000
1017 -9976800
1018 -10069000
1019 -10159000
1020 -10249000
1021 -10339000
1022 -10427000
1023 -9672100
1024 -9675500
1025 -9684700
1026 -9699800
1027 -9721400
1028 -9750700
1029 -9788600
1030 -9836200
1031 -9894100
1032 -9960200
1033 -10032000
1034 -10110000
1035 -10190000
1036 -10272000
1037 -10354000
1038 -10434000
1039 -10510000
1040 -10582000
1041 -10650000
1042 -10714000
1043 -10775000
1044 -10830000
1045 -10878000
1046 -10919000
1047 -10952000
1048 -10975000
1049 -10987000
1050 -10986000
1051 -10970000
1052 -10939000
1053 -10893000
1054 -10832000
1055 -10754000
1056 -10658000
1057 -10541000
1058 -10401000
1059 -10237000
1060 -10047000
1061 -9830100
1062 -9582700
1063 -9304100
1064 -8997100
1065 -8664900
1066 -8309600
1067 -7934100
1068 -7539900
1069 -7128300
1070 -6702500
1071 -6264900
1072 -5816100
1073 -5357000
1074 -4887800
1075 -4409300
1076 -3924200
1077 -3435300
1078 -2944200
1079 -2452900
1080 -1961700
1081 -1470900
1082 -982250
1083 -496530
1084 -13542
1085 466650
1086 944480
1087 1419800
1088 1889500
1089 2350900
1090 2802100
1091 3241100
1092 3666300
1093 4076400
1094 4469000
1095 4842900
1096 5199500
1097 5540700
1098 5868000
1099 6183200
1100 6486100
1101 6776600
1102 7056100
1103 7325500
1104 7585700
1105 7838000
1106 8082500
1107 8319700
1108 8552000
1109 8781200
1110 9009200
1111 9237300
1112 9463800
1113 9687100
1114 9906400
1115 10121000
1116 10329000
1117 10531000
1118 10725000
1119 10909000
1120 11086000
1121 11255000
1122 11418000
1123 11576000
1124 11728000
1125 11873000
1126 12012000
1127 12144000
1128 12270000
1129 12390000
1130 12504000
1131 12612000
1132 12715000
1133 12815000
1134 12913000
1135 13011000
1136 13105000
1137 13194000
1138 13276000
1139 13350000
1140 13416000
1141 13472000
1142 13518000
1143 13551000
1144 13577000
1145 13596000
1146 13614000
1147 13633000
1148 13652000
1149 13670000
1150 13689000
1151 13709000
1152 13736000
1153 13774000
1154 13827000
1155 13896000
1156 13988000
1157 14104000
1158 14251000
1159 14430000
1160 14636000
1161 14860000
1162 15094000
1163 15332000
1164 15574000
1165 15820000
1166 16067000
1167 16309000
1168 16540000
1169 16749000
1170 16932000
1171 17086000
1172 17200000
1173 17267000
1174 17276000
1175 17222000
1176 17117000
1177 16974000
1178 16803000
1179 16618000
1180 16418000
1181 16202000
1182 15976000
1183 15745000
1184 15523000
1185 15325000
1186 15158000
1187 15028000
1188 14943000
1189 14906000
1190 14935000
1191 15037000
1192 15193000
1193 15386000
1194 15551000
1195 15658000
1196 15766000
1197 15923000
1198 16276000
1199 16876000
1200 17498000
1201 17938000
1202 17815000
1203 16938000
1204 15766000
1205 14715000
1206 14420000
1207 15220000
1208 16208000
1209 16564000
1210 15414000
1211 12233000
1212 8250500
1213 4658100
1214 2292900
1215 1832800
1216 2441800
1217 3227000
1218 3938300
1219 4220900
1220 4266500
1221 4357100
1222 4273600
1223 3934700
1224 3431400
1225 2796500
1226 2184000
1227 1736800
1228 1403900
1229 1148500
1230 1008900
1231 979240
1232 1035600
1233 1159600
1234 1294900
1235 1395800
1236 1476700
1237 1548100
1238 1600100
1239 1635100
1240 1655000
1241 1660600
1242 1668000
1243 1689000
1244 1717400
1245 1749100
1246 1784700
1247 1822200
1248 1864400
1249 1914200
1250 1968600
1251 2026400
1252 2091500
1253 2166500
1254 2254500
1255 2357900
1256 2472000
1257 2592400
1258 2715500
1259 2837600
1260 2958700
1261 3078800
1262 3195600
1263 3307200
1264 3408400
1265 3494300
1266 3562700
1267 3610300
1268 3633800
1269 3630500
1270 3594900
1271 3524600
1272 3425500
1273 3303500
1274 3168300
1275 3027100
1276 2871500
1277 2695700
1278 2500200
1279 2286300
1280 2070200
1281 1869700
1282 1682500
1283 1515900
1284 1403400
1285 1370700
1286 1443700
1287 1636100
1288 1904600
1289 2202200
1290 2519800
1291 2828400
1292 3070800
1293 3202700
1294 3165200
1295 2924000
1296 2547800
1297 2108200
1298 1617300
1299 1118200
1300 689680
1301 389040
1302 307770
1303 491650
1304 812340
1305 1138600
1306 1424500
1307 1583100
1308 1507700
1309 1122300
1310 282250
1311 -1081400
1312 -2787600
1313 -4652200
1314 -6570700
1315 -8399800
1316 -10044000
1317 -11435000
1318 -12397000
1319 -12838000
1320 -12889000
1321 -12681000
1322 -12314000
1323 -11908000
1324 -11472000
1325 -11007000
1326 -10613000
1327 -10341000
1328 -10153000
1329 -10018000
1330 -9884500
1331 -9708000
1332 -9534400
1333 -9404800
1334 -9319100
1335 -9287600
1336 -9299200
1337 -9337300
1338 -9414700
1339 -9533300
1340 -9669200
1341 -9803600
1342 -9912600
1343 -9977900
1344 -10015000
1345 -10038000
1346 -10053000
1347 -10068000
1348 -10080000
1349 -10084000
1350 -10087000
1351 -10094000
1352 -10102000
1353 -10109000
1354 -10111000
1355 -10104000
1356 -10096000
1357 -10093000
1358 -10098000
1359 -10114000
1360 -10136000
1361 -10157000
1362 -10175000
1363 -10187000
1364 -10189000
1365 -10179000
1366 -10152000
1367 -10103000
1368 -10037000
1369 -9959000
1370 -9872500
1371 -9781500
1372 -9684700
1373 -9580700
1374 -9471300
1375 -9357700
1376 -9242900
1377 -9130300
1378 -9020300
1379 -8914200
1380 -8816000
1381 -8728700
1382 -8656300
1383 -8600900
1384 -8557800
1385 -8522200
1386 -8489300
1387 -8454700
1388 -8418800
1389 -8381800
1390 -8341200
1391 -8294600
1392 -8236700
1393 -8161900
1394 -8068600
1395 -7953800
1396 -7811600
1397 -7637900
1398 -7426200
1399 -7173600
1400 -6888100
1401 -6577900
1402 -6251400
1403 -5916700
1404 -5572900
1405 -5219800
1406 -4861600
1407 -4502400
1408 -4152200
1409 -3821500
1410 -3513100
1411 -3232700
1412 -2991800
1413 -2798800
1414 -2666100
1415 -2599100
1416 -2582800
1417 -2601200
1418 -2639800
1419 -2683800
1420 -2732300
1421 -2783800
1422 -2827900
1423 -2856100
1424 -2855700
1425 -2813500
1426 -2727300
1427 -2590800
1428 -2384800
1429 -2094900
1430 -1704100
1431 -1204100
1432 -617310
1433 31824
1434 725090
1435 1441400
1436 2173500
1437 2913900
1438 3642500
1439 4343500
1440 5007400
1441 5623300
1442 6190000
1443 6702500
1444 7137300
1445 7475100
1446 7699100
1447 7798500
1448 7790600
1449 7695100
1450 7522000
1451 7286000
1452 6996500
1453 6661600
1454 6300900
1455 5928600
1456 5543400
1457 5145300
1458 4731600
1459 4301000
1460 3867900
1461 3445400
1462 3040000
1463 2657600
1464 2293100
1465 1939700
1466 1598000
1467 1265300
1468 935760
1469 604680
1470 263160
1471 -94311
1472 -460390
1473 -827920
1474 -1192400
1475 -1548400
1476 -1896900
1477 -2239300
1478 -2571900
1479 -2892900
1480 -3203600
1481 -3504700
1482 -3799200
1483 -4089000
1484 -4371200
1485 -4643100
1486 -4903600
1487 -5151700
1488 -5391000
1489 -5624800
1490 -5853900
1491 -6080300
1492 -6306700
1493 -6535300
1494 -6769700
1495 -7012000
1496 -7258900
1497 -7507100
1498 -7754000
1499 -7996700
1500 -8235000
1501 -8468600
1502 -8694900
1503 -8912300
1504 -9120600
1505 -9319100
1506 -9508400
1507 -9688800
1508 -9857700
1509 -10013000
1510 -10154000
1511 -10279000
1512 -10390000
1513 -10488000
1514 -10576000
1515 -10653000
1516 -10721000
1517 -10782000
1518 -10836000
1519 -10887000
1520 -10934000
1521 -10975000
1522 -11010000
1523 -11040000
1524 -11064000
1525 -11084000
1526 -11100000
1527 -11112000
1528 -11121000
1529 -11128000
1530 -11133000
1531 -11137000
1532 -11141000
1533 -11145000
1534 -11149000
1535 -10016000
1536 -10025000
1537 -10031000
1538 -10031000
1539 -10026000
1540 -10016000
1541 -10001000
1542 -9980400
1543 -9954200
1544 -9923700
1545 -9889900
1546 -9855200
1547 -9821300
1548 -9786700
1549 -9750400
1550 -9711400
1551 -9669900
1552 -9630800
1553 -9598900
1554 -9576300
1555 -9566100
1556 -9570500
1557 -9590900
1558 -9632100
1559 -9695900
1560 -9776600
1561 -9868700
1562 -9963400
1563 -10054000
1564 -10148000
1565 -10249000
1566 -10357000
1567 -10469000
1568 -10573000
1569 -10656000
1570 -10723000
1571 -10769000
1572 -10760000
1573 -10669000
1574 -10473000
1575 -10157000
1576 -9763800
1577 -9336700
1578 -8875300
1579 -8402700
1580 -7987800
1581 -7683100
1582 -7553700
1583 -7635100
1584 -7833400
1585 -8050400
1586 -8266900
1587 -8424800
1588 -8421200
1589 -8181500
1590 -7585000
1591 -6572700
1592 -5313000
1593 -3978400
1594 -2646100
1595 -1438600
1596 -474690
1597 159330
1598 287120
1599 -181930
1600 -1071200
1601 -2202200
1602 -3465000
1603 -4713900
1604 -5874900
1605 -6894800
1606 -7610100
1607 -7932900
1608 -7972200
1609 -7831900
1610 -7591800
1611 -7347400
1612 -7101500
1613 -6848500
1614 -6671200
1615 -6602500
1616 -6572300
1617 -6518400
1618 -6371300
1619 -6064300
1620 -5620900
1621 -5065200
1622 -4365200
1623 -3517200
1624 -2541500
1625 -1452900
1626 -319130
1627 816130
1628 2016000
1629 3325300
1630 4766000
1631 6344200
1632 7939700
1633 9425900
1634 10780000
1635 11933000
1636 12738000
1637 13087000
1638 12825000
1639 11871000
1640 10420000
1641 8674100
1642 6736400
1643 4757200
1644 2854600
1645 1118200
1646 -251310
1647 -1139200
1648 -1681200
1649 -2010700
1650 -2220900
1651 -2427200
1652 -2636400
1653 -2845600
1654 -3156000
1655 -3614500
1656 -4156000
1657 -4724200
1658 -5256200
1659 -5688500
1660 -6041100
1661 -6335200
1662 -6542400
1663 -6658900
1664 -6710500
1665 -6718400
1666 -6716600
1667 -6737000
1668 -6778800
1669 -6841400
1670 -6940500
1671 -7080700
1672 -7252200
1673 -7445800
1674 -7647000
1675 -7841900
1676 -8031400
1677 -8215900
1678 -8387100
1679 -8541500
1680 -8680700
1681 -8805600
1682 -8921500
1683 -9031900
1684 -9131200
1685 -9214400
1686 -9279800
1687 -9325500
1688 -9355000
1689 -9372400
1690 -9378000
1691 -9373700
1692 -9362800
1693 -9347800
1694 -9333000
1695 -9321800
1696 -9312700
1697 -9304500
1698 -9296600
1699 -9287900
1700 -9280300
1701 -9275300
1702 -9273100
1703 -9273600
1704 -9276500
1705 -9281000
1706 -9287100
1707 -9294700
1708 -9302600
1709 -9309600
1710 -9314700
1711 -11044000
1712 -11045000
1713 -11042000
1714 -11035000
1715 -11025000
1716 -11010000
1717 -10991000
1718 -10968000
1719 -10940000
1720 -10909000
1721 -10874000
1722 -10836000
1723 -10795000
1724 -10752000
1725 -10708000
1726 -10662000
1727 -10616000
1728 -10569000
1729 -10522000
1730 -10475000
1731 -10427000
1732 -10380000
1733 -10333000
1734 -10287000
1735 -10243000
1736 -10199000
1737 -10155000
1738 -10111000
1739 -10066000
1740 -10019000
1741 -9971600
1742 -9921300
1743 -9868200
1744 -9812200
1745 -9753200
1746 -9691300
1747 -9626300
1748 -9557700
1749 -9485200
1750 -9408300
1751 -9326900
1752 -9240800
1753 -9150100
1754 -9054300
1755 -8953500
1756 -8847600
1757 -8736700
1758 -8620900
1759 -8500200
1760 -8374000
1761 -8241900
1762 -8103500
1763 -7958600
1764 -7807000
1765 -7648300
1766 -7482300
1767 -7308700
1768 -7127700
1769 -6939500
1770 -6744300
1771 -6542400
1772 -6333500
1773 -6117700
1774 -5894800
1775 -5665000
1776 -5428600
1777 -5186000
1778 -4937100
1779 -4682200
1780 -4421700
1781 -4155900
1782 -3885200
1783 -3609900
1784 -3329500
1785 -3043600
1786 -2751900
1787 -2454000
1788 -2150000
1789 -1839800
1790 -1523200
1791 -1199900
1792 -870060
1793 -533420
1794 -190200
1795 159530
1796 516100
1797 879740
1798 1250600
1799 1628700
1800 2013400
1801 2403800
1802 2799600
1803 3200000
1804 3604500
1805 4012500
1806 4423300
1807 4836100
1808 5250700
1809 5667100
1810 6084800
1811 6503800
1812 6923300
1813 7342800
1814 7761800
1815 8179800
1816 8596600
1817 9011800
1818 9424700
1819 9834900
1820 10242000
1821 10647000
1822 11048000
1823 11446000
1824 11839000
1825 12227000
1826 12610000
1827 12987000
1828 13357000
1829 13719000
1830 14074000
1831 14421000
1832 14759000
1833 15089000
1834 15412000
1835 15727000
1836 16034000
1837 16333000
1838 16624000
1839 16907000
1840 17182000
1841 17449000
1842 17709000
1843 17961000
1844 18206000
1845 18444000
1846 18675000
1847 18900000
1848 19117000
1849 19327000
1850 19529000
1851 19721000
1852 19905000
1853 20079000
1854 20244000
1855 20399000
1856 20543000
1857 20677000
1858 20800000
1859 20914000
1860 21016000
1861 21108000
1862 21189000
1863 21258000
1864 21316000
1865 21364000
1866 21402000
1867 21429000
1868 21447000
1869 21457000
1870 21457000
1871 21451000
1872 21436000
1873 21412000
1874 21381000
1875 21341000
1876 21292000
1877 21235000
1878 21170000
1879 21097000
1880 21017000
1881 20929000
1882 20836000
1883 20738000
1884 20635000
1885 20527000
1886 20415000
1887 20299000
1888 20180000
1889 20059000
1890 19935000
1891 19810000
1892 19685000
1893 19560000
1894 19436000
1895 19313000
1896 19192000
1897 19070000
1898 18947000
1899 18822000
1900 18695000
1901 18565000
1902 18431000
1903 18292000
1904 18149000
1905 18000000
1906 17848000
1907 17690000
1908 17528000
1909 17359000
1910 17185000
1911 17003000
1912 16815000
1913 16620000
1914 16417000
1915 16206000
1916 15986000
1917 15760000
1918 15525000
1919 15283000
1920 15032000
1921 14772000
1922 14502000
1923 14221000
1924 13929000
1925 13625000
1926 13308000
1927 12979000
1928 12638000
1929 12286000
1930 11925000
1931 11556000
1932 11178000
1933 10794000
1934 10403000
1935 10007000
1936 9606600
1937 9202100
1938 8793900
1939 8382600
1940 7969600
1941 7555900
1942 7142800
1943 6731000
1944 6320400
1945 5910800
1946 5502500
1947 5095400
1948 4689700
1949 4285300
1950 3882000
1951 3479600
1952 3079200
1953 2681500
1954 2287400
1955 1897600
1956 1512200
1957 1131600
1958 756180
1959 386480
1960 22537
1961 -335510
1962 -687830
1963 -1034400
1964 -1374800
1965 -1708300
1966 -2034700
1967 -2353700
1968 -2665800
1969 -2971300
1970 -3270300
1971 -3562800
1972 -3849300
1973 -4130000
1974 -4405400
1975 -4675500
1976 -4939600
1977 -5196700
1978 -5446000
1979 -5686600
1980 -5918400
1981 -6141200
1982 -6354600
1983 -6558000
1984 -6750900
1985 -6932700
1986 -7103500
1987 -7263100
1988 -7410500
1989 -7545100
1990 -7666400
1991 -7773900
1992 -7868700
1993 -7951900
1994 -8024200
1995 -8086600
1996 -8139800
1997 -8184200
1998 -8221000
1999 -8251100
2000 -8274800
2001 -8292300
2002 -8303900
2003 -8309800
2004 -8311100
2005 -8308600
2006 -8303100
2007 -8295100
2008 -8284800
2009 -8272100
2010 -8257400
2011 -8240900
2012 -8222400
2013 -8202000
2014 -8179400
2015 -8154500
2016 -8128500
2017 -8102200
2018 -8076500
2019 -8052100
2020 -8029300
2021 -8008400
2022 -7990200
2023 -7975100
2024 -7963000
2025 -7953700
2026 -7946700
2027 -7941600
2028 -7939300
2029 -7940200
2030 -7944600
2031 -7952800
2032 -7963700
2033 -7976200
2034 -7990300
2035 -8005500
2036 -8020700
2037 -8035400
2038 -8048200
2039 -8058800
2040 -8068900
2041 -8080300
2042 -8094500
2043 -8113300
2044 -8136900
2045 -8165400
2046 -9579900
2047 -9583300
2048 -9592500
2049 -9607700
2050 -9629300
2051 -9658800
2052 -9697000
2053 -9745100
2054 -9803500
2055 -9870300
2056 -9943400
2057 -10021000
2058 -10103000
2059 -10185000
2060 -10268000
2061 -10349000
2062 -10426000
2063 -10499000
2064 -10567000
2065 -10633000
2066 -10693000
2067 -10749000
2068 -10798000
2069 -10839000
2070 -10872000
2071 -10896000
2072 -10908000
2073 -10907000
2074 -10891000
2075 -10860000
2076 -10813000
2077 -10751000
2078 -10673000
2079 -10576000
2080 -10457000
2081 -10316000
2082 -10150000
2083 -9958800
2084 -9739300
2085 -9489400
2086 -9208000
2087 -8897900
2088 -8562400
2089 -8203500
2090 -7824300
2091 -7426100
2092 -7010300
2093 -6580300
2094 -6138200
2095 -5684900
2096 -5221100
2097 -4747200
2098 -4263900
2099 -3773900
2100 -3280100
2101 -2784100
2102 -2287700
2103 -1791600
2104 -1295900
2105 -802300
2106 -311680
2107 176180
2108 661210
2109 1143900
2110 1623900
2111 2098400
2112 2564400
2113 3020200
2114 3463700
2115 3893100
2116 4307300
2117 4703900
2118 5081500
2119 5441800
2120 5786400
2121 6117000
2122 6435400
2123 6741300
2124 7034800
2125 7317100
2126 7589200
2127 7852000
2128 8106900
2129 8353800
2130 8593500
2131 8828100
2132 9059600
2133 9289900
2134 9520300
2135 9749100
2136 9974600
2137 10196000
2138 10413000
2139 10623000
2140 10827000
2141 11023000
2142 11209000
2143 11388000
2144 11559000
2145 11723000
2146 11883000
2147 12036000
2148 12183000
2149 12323000
2150 12456000
2151 12583000
2152 12705000
2153 12820000
2154 12929000
2155 13033000
2156 13134000
2157 13233000
2158 13332000
2159 13427000
2160 13517000
2161 13600000
2162 13674000
2163 13741000
2164 13798000
2165 13844000
2166 13878000
2167 13903000
2168 13923000
2169 13941000
2170 13960000
2171 13979000
2172 13998000
2173 14017000
2174 14037000
2175 14064000
2176 14103000
2177 14156000
2178 14226000
2179 14319000
2180 14436000
2181 14584000
2182 14766000
2183 14973000
2184 15199000
2185 15436000
2186 15677000
2187 15921000
2188 16170000
2189 16418000
2190 16664000
2191 16896000
2192 17107000
2193 17293000
2194 17448000
2195 17563000
2196 17631000
2197 17640000
2198 17586000
2199 17480000
2200 17335000
2201 17163000
2202 16976000
2203 16774000
2204 16555000
2205 16327000
2206 16093000
2207 15870000
2208 15670000
2209 15501000
2210 15370000
2211 15284000
2212 15246000
2213 15276000
2214 15378000
2215 15536000
2216 15731000
2217 15898000
2218 16006000
2219 16115000
2220 16273000
2221 16630000
2222 17236000
2223 17864000
2224 18309000
2225 18184000
2226 17298000
2227 16114000
2228 15052000
2229 14754000
2230 15561000
2231 16559000
2232 16917000
2233 15755000
2234 12541000
2235 8518200
2236 4889100
2237 2499700
2238 2034800
2239 2649900
2240 3443200
2241 4161800
2242 4447600
2243 4494200
2244 4586400
2245 4502900
2246 4161600
2247 3654600
2248 3014600
2249 2397500
2250 1947500
2251 1613000
2252 1356900
2253 1217600
2254 1189300
2255 1247900
2256 1374900
2257 1513500
2258 1617500
2259 1701600
2260 1776400
2261 1832100
2262 1871000
2263 1894900
2264 1904400
2265 1915500
2266 1939900
2267 1971400
2268 2005700
2269 2043200
2270 2081900
2271 2124400
2272 2173600
2273 2226500
2274 2281900
2275 2343400
2276 2413600
2277 2495500
2278 2591200
2279 2696500
2280 2807200
2281 2919500
2282 3030000
2283 3139000
2284 3246700
2285 3351500
2286 3451300
2287 3541000
2288 3615100
2289 3671300
2290 3706500
2291 3716900
2292 3700100
2293 3650100
2294 3564800
2295 3450500
2296 3313900
2297 3165300
2298 3012600
2299 2847500
2300 2664100
2301 2463200
2302 2246600
2303 2031000
2304 1834900
2305 1655900
2306 1501700
2307 1406900
2308 1397800
2309 1501200
2310 1731200
2311 2043100
2312 2388600
2313 2758000
2314 3121400
2315 3420000
2316 3608500
2317 3626000
2318 3437300
2319 3112000
2320 2722700
2321 2281800
2322 1832800
2323 1454900
2324 1205500
2325 1177100
2326 1415600
2327 1790400
2328 2167800
2329 2500300
2330 2698800
2331 2655700
2332 2293800
2333 1466700
2334 104230
2335 -1612000
2336 -3497100
2337 -5446000
2338 -7314400
2339 -9007800
2340 -10457000
2341 -11487000
2342 -12004000
2343 -12140000
2344 -12025000
2345 -11759000
2346 -11462000
2347 -11141000
2348 -10797000
2349 -10528000
2350 -10383000
2351 -10325000
2352 -10324000
2353 -10327000
2354 -10288000
2355 -10253000
2356 -10263000
2357 -10317000
2358 -10425000
2359 -10573000
2360 -10745000
2361 -10950000
2362 -11190000
2363 -11440000
2364 -11681000
2365 -11888000
2366 -12042000
2367 -12156000
2368 -12243000
2369 -12309000
2370 -12360000
2371 -12390000
2372 -12394000
2373 -12377000
2374 -12342000
2375 -12288000
2376 -12218000
2377 -12127000
2378 -12014000
2379 -11889000
2380 -11758000
2381 -11630000
2382 -11509000
2383 -11389000
2384 -11261000
2385 -11125000
2386 -10977000
2387 -10815000
2388 -10638000
2389 -10440000
2390 -10220000
2391 -9984300
2392 -9737900
2393 -9488600
2394 -9242800
2395 -8998200
2396 -8753500
2397 -8510600
2398 -8271500
2399 -8043500
2400 -7834400
2401 -7646400
2402 -7483300
2403 -7352800
2404 -7260100
2405 -7213500
2406 -7217000
2407 -7260900
2408 -7335400
2409 -7431200
2410 -7538700
2411 -7657400
2412 -7786300
2413 -7918900
2414 -8049600
2415 -8169500
2416 -8269400
2417 -8346300
2418 -8394900
2419 -8403900
2420 -8364600
2421 -8265600
2422 -8101100
2423 -7881800
2424 -7619700
2425 -7325500
2426 -7010500
2427 -6673200
2428 -6313100
2429 -5936800
2430 -5550100
2431 -5165300
2432 -4795400
2433 -4443300
2434 -4115900
2435 -3828300
2436 -3592300
2437 -3423600
2438 -3329900
2439 -3290600
2440 -3284400
2441 -3291200
2442 -3291300
2443 -3284600
2444 -3270200
2445 -3235400
2446 -3169100
2447 -3052800
2448 -2866600
2449 -2607400
2450 -2265900
2451 -1815700
2452 -1236800
2453 -505030
2454 391010
2455 1415900
2456 2532000
2457 3709500
2458 4915100
2459 6137800
2460 7366600
2461 8570600
2462 9725800
2463 10815000
2464 11818000
2465 12732000
2466 13548000
2467 14227000
2468 14740000
2469 15057000
2470 15161000
2471 15082000
2472 14852000
2473 14489000
2474 14018000
2475 13455000
2476 12813000
2477 12127000
2478 11419000
2479 10688000
2480 9934300
2481 9154400
2482 8346500
2483 7535100
2484 6742400
2485 5979900
2486 5258000
2487 4570100
2488 3907000
2489 3271800
2490 2661900
2491 2068000
2492 1483300
2493 894180
2494 292590
2495 -307040
2496 -890650
2497 -1449900
2498 -1974800
2499 -2464300
2500 -2918700
2501 -3329700
2502 -3693200
2503 -4014400
2504 -4297800
2505 -4550400
2506 -4778400
2507 -4978800
2508 -5149200
2509 -5291600
2510 -5407300
2511 -5501600
2512 -5580800
2513 -5646100
2514 -5701100
2515 -5752800
2516 -5807300
2517 -5871800
2518 -5951400
2519 -6042000
2520 -6139700
2521 -6242900
2522 -6348800
2523 -6456700
2524 -6566200
2525 -6673400
2526 -6776300
2527 -6878000
2528 -6981100
2529 -7088200
2530 -7201900
2531 -7320900
2532 -7444200
2533 -7572700
2534 -7706400
2535 -7844800
2536 -7987400
2537 -8132800
2538 -8279600
2539 -8428600
2540 -8580300
2541 -8734500
2542 -8891100
2543 -9048500
2544 -9205000
2545 -9360000
2546 -9512400
2547 -9660300
2548 -9802400
2549 -9936600
2550 -10062000
2551 -10178000
2552 -10287000
2553 -10389000
2554 -10483000
2555 -10571000
2556 -10652000
2557 -10729000
2558 -10035000
2559 -10043000
2560 -10046000
2561 -10042000
2562 -10031000
2563 -10012000
2564 -9985300
2565 -9950000
2566 -9906000
2567 -9855000
2568 -9798500
2569 -9739200
2570 -9679100
2571 -9617400
2572 -9553500
2573 -9487600
2574 -9420100
2575 -9355500
2576 -9298000
2577 -9249700
2578 -9213400
2579 -9191300
2580 -9185000
2581 -9199100
2582 -9235400
2583 -9289200
2584 -9355900
2585 -9428000
2586 -9499900
2587 -9578300
2588 -9668500
2589 -9768900
2590 -9878200
2591 -9985900
2592 -10079000
2593 -10165000
2594 -10238000
2595 -10265000
2596 -10221000
2597 -10083000
2598 -9838200
2599 -9526100
2600 -9189100
2601 -8824700
2602 -8454200
2603 -8146500
2604 -7953700
2605 -7940000
2606 -8139600
2607 -8456400
2608 -8789600
2609 -9119300
2610 -9385700
2611 -9483000
2612 -9333900
2613 -8814600
2614 -7864300
2615 -6654000
2616 -5358800
2617 -4057500
2618 -2874900
2619 -1930200
2620 -1310300
2621 -1193600
2622 -1672000
2623 -2568600
2624 -3704500
2625 -4969400
2626 -6216600
2627 -7373000
2628 -8385800
2629 -9091800
2630 -9402900
2631 -9426700
2632 -9266100
2633 -8998200
2634 -8717000
2635 -8426800
2636 -8123200
2637 -7889600
2638 -7758600
2639 -7654600
2640 -7509900
2641 -7253000
2642 -6814400
2643 -6213300
2644 -5471000
2645 -4550200
2646 -3445300
2647 -2185400
2648 -794590
2649 650290
2650 2096300
2651 3606100
2652 5223600
2653 6965100
2654 8831300
2655 10693000
2656 12415000
2657 13972000
2658 15289000
2659 16208000
2660 16610000
2661 16330000
2662 15281000
2663 13671000
2664 11716000
2665 9528700
2666 7272300
2667 5069700
2668 3015200
2669 1322100
2670 114540
2671 -740820
2672 -1374200
2673 -1879500
2674 -2371200
2675 -2844700
2676 -3287400
2677 -3793500
2678 -4405100
2679 -5063200
2680 -5719100
2681 -6312300
2682 -6784500
2683 -7159500
2684 -7461900
2685 -7671300
2686 -7789400
2687 -7840300
2688 -7844200
2689 -7833300
2690 -7838100
2691 -7863100
2692 -7912000
2693 -8002500
2694 -8140600
2695 -8314200
2696 -8511300
2697 -8717100
2698 -8916400
2699 -9107600
2700 -9289300
2701 -9449600
2702 -9582700
2703 -9692200
2704 -9780700
2705 -9854900
2706 -9919800
2707 -9968800
2708 -9996100
2709 -10001000
2710 -9980900
2711 -9941400
2712 -9887600
2713 -9820300
2714 -9742100
2715 -9657700
2716 -9571000
2717 -9487800
2718 -9412600
2719 -9344400
2720 -9282500
2721 -9226300
2722 -9175200
2723 -9132100
2724 -9099600
2725 -9078200
2726 -9068500
2727 -9069200
2728 -9078400
2729 -9095600
2730 -9119900
2731 -9149400
2732 -9182300
2733 -9216200
2734 -11741000
2735 -11569000
2736 -11393000
2737 -11213000
2738 -11028000
2739 -10838000
2740 -10644000
2741 -10446000
2742 -10244000
2743 -10040000
2744 -9836700
2745 -9636500
2746 -9441900
2747 -9253400
2748 -9071600
2749 -8898000
2750 -8733900
2751 -8581800
2752 -8444000
2753 -8321300
2754 -8215000
2755 -8128100
2756 -8062800
2757 -8021700
2758 -8006000
2759 -8012800
2760 -8038600
2761 -8081200
2762 -8137700
2763 -8206400
2764 -8285800
2765 -8372200
2766 -8463200
2767 -8558300
2768 -8656800
2769 -8758600
2770 -8863000
2771 -8967200
2772 -9068400
2773 -9164700
2774 -9254500
2775 -9337600
2776 -9414100
2777 -9482600
2778 -9542500
2779 -9594300
2780 -9638300
2781 -9675100
2782 -9705100
2783 -9725100
2784 -9732400
2785 -9725100
2786 -9701100
2787 -9659200
2788 -9598500
2789 -9516500
2790 -9412300
2791 -9287100
2792 -9142400
2793 -8979900
2794 -8801400
2795 -8606100
2796 -8393400
2797 -8164000
2798 -7918600
2799 -7659100
2800 -7387400
2801 -7103900
2802 -6809800
2803 -6507700
2804 -6199700
2805 -5888400
2806 -5575500
2807 -5258000
2808 -4933200
2809 -4599100
2810 -4253400
2811 -3895500
2812 -3524900
2813 -3139400
2814 -2737500
2815 -2319200
2816 -1884500
2817 -1434400
2818 -969490
2819 -487530
2820 13123
2821 533320
2822 1073400
2823 1630600
2824 2201700
2825 2785400
2826 3379500
2827 3980700
2828 4586000
2829 5191200
2830 5793400
2831 6393900
2832 6994100
2833 7593900
2834 8193800
2835 8792600
2836 9389000
2837 9983400
2838 10575000
2839 11160000
2840 11734000
2841 12292000
2842 12830000
2843 13348000
2844 13846000
2845 14320000
2846 14769000
2847 15189000
2848 15574000
2849 15924000
2850 16237000
2851 16506000
2852 16729000
2853 16900000
2854 17017000
2855 17086000
2856 17112000
2857 17100000
2858 17055000
2859 16979000
2860 16876000
2861 16753000
2862 16614000
2863 16460000
2864 16289000
2865 16104000
2866 15903000
2867 15691000
2868 15473000
2869 15250000
2870 15026000
2871 14803000
2872 14582000
2873 14368000
2874 14165000
2875 13971000
2876 13787000
2877 13613000
2878 13450000
2879 13304000
2880 13180000
2881 13083000
2882 13016000
2883 12982000
2884 12987000
2885 13035000
2886 13129000
2887 13264000
2888 13434000
2889 13634000
2890 13859000
2891 14106000
2892 14375000
2893 14658000
2894 14952000
2895 15256000
2896 15568000
2897 15887000
2898 16212000
2899 16538000
2900 16860000
2901 17174000
2902 17476000
2903 17767000
2904 18047000
2905 18314000
2906 18567000
2907 18807000
2908 19034000
2909 19251000
2910 19456000
2911 19645000
2912 19814000
2913 19960000
2914 20079000
2915 20169000
2916 20228000
2917 20253000
2918 20242000
2919 20198000
2920 20124000
2921 20023000
2922 19898000
2923 19750000
2924 19578000
2925 19386000
2926 19175000
2927 18947000
2928 18705000
2929 18448000
2930 18177000
2931 17898000
2932 17612000
2933 17324000
2934 17035000
2935 16744000
2936 16449000
2937 16151000
2938 15848000
2939 15540000
2940 15227000
2941 14906000
2942 14577000
2943 14243000
2944 13904000
2945 13563000
2946 13221000
2947 12879000
2948 12536000
2949 12193000
2950 11851000
2951 11510000
2952 11169000
2953 10828000
2954 10486000
2955 10144000
2956 9802800
2957 9462100
2958 9122500
2959 8782900
2960 8442300
2961 8100600
2962 7757100
2963 7410900
2964 7061400
2965 6707200
2966 6347700
2967 5984500
2968 5618900
2969 5252000
2970 4885000
2971 4518300
2972 4152400
2973 3788500
2974 3427400
2975 3069300
2976 2714500
2977 2362800
2978 2014200
2979 1669900
2980 1330800
2981 997360
2982 670180
2983 348900
2984 33112
2985 -277110
2986 -581920
2987 -881710
2988 -1176800
2989 -1467700
2990 -1754800
2991 -2037600
2992 -2315400
2993 -2587900
2994 -2854800
2995 -3116000
2996 -3371600
2997 -3621100
2998 -3864600
2999 -4102400
3000 -4334700
3001 -4562200
3002 -4785100
3003 -5003500
3004 -5217200
3005 -5426500
3006 -5631600
3007 -5832700
3008 -6030200
3009 -6224100
3010 -6414600
3011 -6602300
3012 -6787500
3013 -6970700
3014 -7152100
3015 -7331200
3016 -7507600
3017 -7681100
3018 -7851300
3019 -8017700
3020 -8180100
3021 -8337700
3022 -8490100
3023 -8637700
3024 -8781000
3025 -8920100
3026 -9055300
3027 -9186500
3028 -9313700
3029 -9437000
3030 -9556600
3031 -9671700
3032 -9781400
3033 -9885100
3034 -9981900
3035 -10072000
3036 -10155000
3037 -10231000
3038 -10299000
3039 -10359000
3040 -10410000
3041 -10452000
3042 -10485000
3043 -10508000
3044 -10520000
3045 -10520000
3046 -10509000
3047 -10488000
3048 -10457000
3049 -10418000
3050 -10372000
3051 -10319000
3052 -10261000
3053 -10200000
3054 -10137000
3055 -10071000
3056 -10002000
3057 -9930000
3058 -9854200
3059 -9775500
3060 -9694400
3061 -9610800
3062 -9525000
3063 -9438800
3064 -9353800
3065 -9272100
3066 -9195500
3067 -9124000
3068 -9057900
3069 -9933000
3070 -9936400
3071 -9945500
3072 -9960600
3073 -9982100
3074 -10011000
3075 -10049000
3076 -10097000
3077 -10155000
3078 -10221000
3079 -10294000
3080 -10371000
3081 -10452000
3082 -10534000
3083 -10617000
3084 -10697000
3085 -10773000
3086 -10845000
3087 -10913000
3088 -10978000
3089 -11038000
3090 -11094000
3091 -11142000
3092 -11183000
3093 -11216000
3094 -11239000
3095 -11252000
3096 -11251000
3097 -11235000
3098 -11204000
3099 -11158000
3100 -11096000
3101 -11018000
3102 -10922000
3103 -10804000
3104 -10663000
3105 -10499000
3106 -10309000
3107 -10091000
3108 -9843200
3109 -9563800
3110 -9256000
3111 -8922900
3112 -8566700
3113 -8190200
3114 -7794900
3115 -7382200
3116 -6955300
3117 -6516500
3118 -6066500
3119 -5606100
3120 -5135700
3121 -4655900
3122 -4169500
3123 -3679300
3124 -3186900
3125 -2694200
3126 -2201700
3127 -1709600
3128 -1219600
3129 -732600
3130 -248320
3131 233170
3132 712280
3133 1188800
3134 1659900
3135 2122500
3136 2574900
3137 3015100
3138 3441400
3139 3852600
3140 4246300
3141 4621200
3142 4978800
3143 5320900
3144 5649100
3145 5965100
3146 6268800
3147 6560100
3148 6840400
3149 7110400
3150 7371400
3151 7624400
3152 7869500
3153 8107400
3154 8340300
3155 8570100
3156 8798700
3157 9027400
3158 9254600
3159 9478400
3160 9698400
3161 9913200
3162 10122000
3163 10325000
3164 10519000
3165 10704000
3166 10881000
3167 11051000
3168 11214000
3169 11373000
3170 11525000
3171 11670000
3172 11809000
3173 11942000
3174 12068000
3175 12189000
3176 12303000
3177 12411000
3178 12515000
3179 12615000
3180 12713000
3181 12811000
3182 12905000
3183 12994000
3184 13077000
3185 13151000
3186 13217000
3187 13274000
3188 13319000
3189 13353000
3190 13378000
3191 13398000
3192 13415000
3193 13435000
3194 13454000
3195 13473000
3196 13491000
3197 13511000
3198 13538000
3199 13577000
3200 13629000
3201 13699000
3202 13791000
3203 13907000
3204 14054000
3205 14234000
3206 14440000
3207 14665000
3208 14900000
3209 15138000
3210 15381000
3211 15628000
3212 15875000
3213 16118000
3214 16349000
3215 16558000
3216 16743000
3217 16897000
3218 17011000
3219 17078000
3220 17088000
3221 17034000
3222 16929000
3223 16785000
3224 16615000
3225 16429000
3226 16229000
3227 16012000
3228 15785000
3229 15554000
3230 15332000
3231 15133000
3232 14965000
3233 14836000
3234 14750000
3235 14712000
3236 14741000
3237 14843000
3238 15000000
3239 15193000
3240 15358000
3241 15465000
3242 15573000
3243 15729000
3244 16083000
3245 16684000
3246 17308000
3247 17749000
3248 17624000
3249 16744000
3250 15569000
3251 14513000
3252 14217000
3253 15016000
3254 16005000
3255 16359000
3256 15205000
3257 12013000
3258 8018400
3259 4414900
3260 2042300
3261 1580300
3262 2190800
3263 2978500
3264 3692500
3265 3977100
3266 4024700
3267 4118100
3268 4037700
3269 3701900
3270 3202100
3271 2570800
3272 1962400
3273 1520400
3274 1193100
3275 943600
3276 810040
3277 786440
3278 848980
3279 979460
3280 1121400
3281 1229100
3282 1317000
3283 1395800
3284 1455700
3285 1499000
3286 1527300
3287 1541100
3288 1555900
3289 1583200
3290 1616800
3291 1652400
3292 1690400
3293 1728700
3294 1769700
3295 1816000
3296 1864700
3297 1914400
3298 1968600
3299 2029500
3300 2100000
3301 2182100
3302 2271900
3303 2365600
3304 2459700
3305 2551100
3306 2640500
3307 2728100
3308 2812800
3309 2893000
3310 2963300
3311 3018600
3312 3056400
3313 3073500
3314 3066800
3315 3033800
3316 2968900
3317 2869900
3318 2743500
3319 2596400
3320 2439300
3321 2280200
3322 2110900
3323 1925500
3324 1724900
3325 1511000
3326 1300800
3327 1113000
3328 945400
3329 805940
3330 729290
3331 741790
3332 870440
3333 1129400
3334 1474000
3335 1855700
3336 2264500
3337 2670300
3338 3014600
3339 3252100
3340 3322000
3341 3189000
3342 2921900
3343 2592800
3344 2213900
3345 1828400
3346 1514200
3347 1328100
3348 1361500
3349 1659800
3350 2093200
3351 2529000
3352 2919900
3353 3177200
3354 3194200
3355 2894300
3356 2132100
3357 837990
3358 -808070
3359 -2623100
3360 -4503000
3361 -6304800
3362 -7934900
3363 -9324700
3364 -10301000
3365 -10771000
3366 -10866000
3367 -10713000
3368 -10413000
3369 -10083000
3370 -9732100
3371 -9360300
3372 -9064800
3373 -8894800
3374 -8812200
3375 -8787400
3376 -8768300
3377 -8709500
3378 -8656000
3379 -8647500
3380 -8683600
3381 -8773500
3382 -8905100
3383 -9060300
3384 -9250400
3385 -9475800
3386 -9712600
3387 -9941600
3388 -10139000
3389 -10285000
3390 -10393000
3391 -10476000
3392 -10539000
3393 -10589000
3394 -10619000
3395 -10625000
3396 -10611000
3397 -10580000
3398 -10533000
3399 -10470000
3400 -10388000
3401 -10286000
3402 -10172000
3403 -10055000
3404 -9941100
3405 -9835100
3406 -9730700
3407 -9621000
3408 -9504300
3409 -9377000
3410 -9237600
3411 -9085400
3412 -8915000
3413 -8724200
3414 -8519000
3415 -8305200
3416 -8089600
3417 -7878100
3418 -7668900
3419 -7460600
3420 -7255200
3421 -7054500
3422 -6865200
3423 -6694100
3424 -6543100
3425 -6415600
3426 -6318500
3427 -6256900
3428 -6238100
3429 -6265800
3430 -6331300
3431 -6425400
3432 -6540100
3433 -6666700
3434 -6804300
3435 -6951400
3436 -7101800
3437 -7250200
3438 -7389300
3439 -7511600
3440 -7614800
3441 -7694500
3442 -7740900
3443 -7746200
3444 -7700900
3445 -7599900
3446 -7451600
3447 -7265500
3448 -7049700
3449 -6812900
3450 -6554100
3451 -6272800
3452 -5974300
3453 -5663300
3454 -5349200
3455 -5041700
3456 -4743000
3457 -4458300
3458 -4199400
3459 -3975400
3460 -3798600
3461 -3674900
3462 -3588400
3463 -3522400
3464 -3461100
3465 -3389200
3466 -3307100
3467 -3214600
3468 -3102300
3469 -2961900
3470 -2778200
3471 -2535000
3472 -2229800
3473 -1855100
3474 -1389900
3475 -818750
3476 -121930
3477 709250
3478 1645200
3479 2654500
3480 3711900
3481 4789200
3482 5877500
3483 6967700
3484 8034300
3485 9057300
3486 10021000
3487 10908000
3488 11715000
3489 12434000
3490 13032000
3491 13484000
3492 13764000
3493 13859000
3494 13793000
3495 13594000
3496 13277000
3497 12865000
3498 12370000
3499 11804000
3500 11194000
3501 10562000
3502 9906300
3503 9228000
3504 8524200
3505 7794000
3506 7058900
3507 6338400
3508 5642900
3509 4981800
3510 4348800
3511 3735300
3512 3143400
3513 2570300
3514 2008000
3515 1450800
3516 886450
3517 307900
3518 -272570
3519 -843060
3520 -1396200
3521 -1923100
3522 -2423700
3523 -2898700
3524 -3341100
3525 -3747600
3526 -4121800
3527 -4466400
3528 -4787100
3529 -5088600
3530 -5367000
3531 -5619700
3532 -5846800
3533 -6048600
3534 -6230300
3535 -6397400
3536 -6551400
3537 -6695200
3538 -6834800
3539 -6974800
3540 -7121700
3541 -7279500
3542 -7443600
3543 -7609000
3544 -7772800
3545 -7931200
3546 -8083400
3547 -8229000
3548 -8363800
3549 -8485500
3550 -8595300
3551 -8693800
3552 -8782800
3553 -8863600
3554 -8933600
3555 -8990500
3556 -9033500
3557 -9061800
3558 -9077000
3559 -9081200
3560 -9074500
3561 -9057800
3562 -9033200
3563 -9002100
3564 -8967000
3565 -8929500
3566 -8888600
3567 -8843100
3568 -8792600
3569 -8736500
3570 -8675000
3571 -8608700
3572 -8536900
3573 -8459500
3574 -8378000
3575 -8293800
3576 -8208100
3577 -8122300
3578 -8037000
3579 -7952700
3580 -7870700
3581 -10278000
3582 -10288000
3583 -10293000
3584 -10294000
3585 -10289000
3586 -10278000
3587 -10263000
3588 -10242000
3589 -10216000
3590 -10185000
3591 -10151000
3592 -10115000
3593 -10081000
3594 -10045000
3595 -10008000
3596 -9968500
3597 -9927400
3598 -9888700
3599 -9856500
3600 -9832900
3601 -9820500
3602 -9821200
3603 -9836600
3604 -9870800
3605 -9925600
3606 -9995900
3607 -10077000
3608 -10160000
3609 -10240000
3610 -10324000
3611 -10416000
3612 -10513000
3613 -10615000
3614 -10712000
3615 -10790000
3616 -10857000
3617 -10908000
3618 -10910000
3619 -10837000
3620 -10667000
3621 -10388000
3622 -10038000
3623 -9659000
3624 -9248600
3625 -8827500
3626 -8465500
3627 -8215500
3628 -8142300
3629 -8280700
3630 -8532700
3631 -8795800
3632 -9049600
3633 -9233500
3634 -9241100
3635 -8995300
3636 -8370900
3637 -7307300
3638 -5977800
3639 -4560500
3640 -3137900
3641 -1838400
3642 -779510
3643 -47534
3644 178620
3645 -194160
3646 -995530
3647 -2053600
3648 -3260200
3649 -4473000
3650 -5624900
3651 -6668000
3652 -7446200
3653 -7874800
3654 -8053200
3655 -8075400
3656 -8011400
3657 -7947000
3658 -7885100
3659 -7819500
3660 -7827000
3661 -7934900
3662 -8063700
3663 -8140900
3664 -8094500
3665 -7852700
3666 -7426200
3667 -6828900
3668 -6016800
3669 -4980000
3670 -3754700
3671 -2372700
3672 -915470
3673 558150
3674 2107700
3675 3774200
3676 5566700
3677 7480600
3678 9387200
3679 11150000
3680 12744000
3681 14096000
3682 15042000
3683 15458000
3684 15176000
3685 14107000
3686 12462000
3687 10462000
3688 8219400
3689 5900600
3690 3630400
3691 1505000
3692 -258080
3693 -1531900
3694 -2449800
3695 -3142100
3696 -3702900
3697 -4246800
3698 -4766100
3699 -5245300
3700 -5777100
3701 -6402200
3702 -7063300
3703 -7713600
3704 -8293200
3705 -8744400
3706 -9093000
3707 -9364800
3708 -9541700
3709 -9627200
3710 -9643800
3711 -9610100
3712 -9557400
3713 -9515300
3714 -9488400
3715 -9481100
3716 -9510300
3717 -9582000
3718 -9684600
3719 -9806400
3720 -9933700
3721 -10052000
3722 -10159000
3723 -10254000
3724 -10325000
3725 -10366000
3726 -10381000
3727 -10374000
3728 -10351000
3729 -10318000
3730 -10268000
3731 -10197000
3732 -10105000
3733 -9989200
3734 -9855600
3735 -9709400
3736 -9552000
3737 -9386300
3738 -9217100
3739 -9048500
3740 -8886500
3741 -8735700
3742 -8595900
3743 -8467000
3744 -8348900
3745 -8241500
3746 -8148200
3747 -8072000
3748 -8013900
3749 -7974900
3750 -7953000
3751 -7945900
3752 -7952500
3753 -7971200
3754 -7999800
3755 -8036600
3756 -8078600
3757 -10641000
3758 -10577000
3759 -10511000
3760 -10445000
3761 -10376000
3762 -10304000
3763 -10228000
3764 -10146000
3765 -10057000
3766 -9963800
3767 -9867800
3768 -9770800
3769 -9674500
3770 -9579500
3771 -9486000
3772 -9395900
3773 -9310100
3774 -9229300
3775 -9154000
3776 -9084200
3777 -9019800
3778 -8962800
3779 -8914400
3780 -8875800
3781 -8847500
3782 -8828100
3783 -8815900
3784 -8810200
3785 -8809600
3786 -8813000
3787 -8819300
3788 -8826400
3789 -8833100
3790 -8839700
3791 -8846400
3792 -8853400
3793 -8860800
3794 -8867700
3795 -8872800
3796 -8876100
3797 -8877000
3798 -8874600
3799 -8868200
3800 -8856700
3801 -8839000
3802 -8815200
3803 -8785200
3804 -8748900
3805 -8705800
3806 -8654600
3807 -8593500
3808 -8521900
3809 -8438800
3810 -8342800
3811 -8233100
3812 -8108200
3813 -7967300
3814 -7811500
3815 -7642000
3816 -7459700
3817 -7265800
3818 -7060600
3819 -6844400
3820 -6618400
3821 -6383500
3822 -6139700
3823 -5887500
3824 -5626800
3825 -5357700
3826 -5081500
3827 -4799200
3828 -4511400
3829 -4218900
3830 -3921700
3831 -3619400
3832 -3312500
3833 -3001100
3834 -2685000
3835 -2364100
3836 -2038200
3837 -1707200
3838 -1372000
3839 -1033400
3840 -692050
3841 -348550
3842 -3358.7
3843 343220
3844 690490
3845 1038100
3846 1386200
3847 1735300
3848 2085500
3849 2437200
3850 2790400
3851 3145000
3852 3501400
3853 3859800
3854 4219900
3855 4581600
3856 4944600
3857 5308900
3858 5674600
3859 6041900
3860 6410600
3861 6780800
3862 7152700
3863 7526300
3864 7901900
3865 8279700
3866 8659300
3867 9040700
3868 9423600
3869 9808000
3870 10194000
3871 10583000
3872 10973000
3873 11366000
3874 11761000
3875 12159000
3876 12559000
3877 12963000
3878 13369000
3879 13775000
3880 14181000
3881 14586000
3882 14989000
3883 15388000
3884 15783000
3885 16171000
3886 16555000
3887 16932000
3888 17303000
3889 17668000
3890 18026000
3891 18377000
3892 18719000
3893 19052000
3894 19375000
3895 19688000
3896 19988000
3897 20274000
3898 20546000
3899 20805000
3900 21048000
3901 21277000
3902 21488000
3903 21681000
3904 21856000
3905 22010000
3906 22143000
3907 22254000
3908 22340000
3909 22402000
3910 22441000
3911 22458000
3912 22456000
3913 22436000
3914 22398000
3915 22344000
3916 22276000
3917 22195000
3918 22101000
3919 21995000
3920 21877000
3921 21747000
3922 21606000
3923 21456000
3924 21298000
3925 21132000
3926 20960000
3927 20782000
3928 20599000
3929 20413000
3930 20224000
3931 20030000
3932 19834000
3933 19634000
3934 19433000
3935 19233000
3936 19035000
3937 18840000
3938 18651000
3939 18467000
3940 18291000
3941 18124000
3942 17964000
3943 17810000
3944 17660000
3945 17512000
3946 17367000
3947 17223000
3948 17080000
3949 16935000
3950 16788000
3951 16640000
3952 16490000
3953 16337000
3954 16180000
3955 16019000
3956 15850000
3957 15675000
3958 15492000
3959 15303000
3960 15106000
3961 14902000
3962 14692000
3963 14475000
3964 14253000
3965 14025000
3966 13790000
3967 13548000
3968 13297000
3969 13036000
3970 12764000
3971 12483000
3972 12189000
3973 11884000
3974 11568000
3975 11243000
3976 10909000
3977 10567000
3978 10219000
3979 9863500
3980 9501700
3981 9134300
3982 8762400
3983 8387100
3984 8008600
3985 7627800
3986 7246200
3987 6865000
3988 6485800
3989 6109400
3990 5735200
3991 5362200
3992 4990100
3993 4618400
3994 4246900
3995 3875500
3996 3503500
3997 3130500
3998 2757000
3999 2383600
4000 2011100
4001 1640000
4002 1270000
4003 900690
4004 532260
4005 164820
4006 -201010
4007 -564520
4008 -925630
4009 -1284000
4010 -1638400
4011 -1988100
4012 -2331700
4013 -2668700
4014 -2999700
4015 -3325500
4016 -3646200
4017 -3962100
4018 -4273500
4019 -4580100
4020 -4882800
4021 -5181500
4022 -5474700
4023 -5760800
4024 -6038000
4025 -6304900
4026 -6561300
4027 -6806900
4028 -7040900
4029 -7262400
4030 -7470200
4031 -7663000
4032 -7840600
4033 -8002400
4034 -8146700
4035 -8272000
4036 -8377000
4037 -8461000
4038 -8525900
4039 -8574100
4040 -8606900
4041 -8626300
4042 -8633700
4043 -8630400
4044 -8619000
4045 -8601500
4046 -8577500
4047 -8547300
4048 -8510800
4049 -8468200
4050 -8421100
4051 -8371200
4052 -8319000
4053 -8265700
4054 -8212200
4055 -8159600
4056 -8109600
4057 -8063600
4058 -8021400
4059 -7983100
4060 -7948900
4061 -7919100
4062 -7896300
4063 -7882900
4064 -7879900
4065 -7889000
4066 -7912100
4067 -7950400
4068 -8006300
4069 -8080700
4070 -8171700
4071 -8276800
4072 -8394200
4073 -8521900
4074 -8659000
4075 -8805000
4076 -8957700
4077 -9115500
4078 -9277600
4079 -9443000
4080 -9611400
4081 -9782100
4082 -9952700
4083 -10121000
4084 -10285000
4085 -10444000
4086 -10598000
4087 -10748000
4088 -10893000
4089 -11034000
4090 -11170000
4091 -11303000
4092 -9459800
4093 -9463000
4094 -9471800
4095 -9486200
4096 -9506700
4097 -9534600
4098 -9570700
4099 -9616200
4100 -9671500
4101 -9734700
4102 -9803800
4103 -9877600
4104 -9954300
4105 -10033000
4106 -10111000
4107 -10187000
4108 -10260000
4109 -10329000
4110 -10394000
4111 -10455000
4112 -10513000
4113 -10566000
4114 -10612000
4115 -10651000
4116 -10682000
4117 -10705000
4118 -10716000
4119 -10715000
4120 -10700000
4121 -10670000
4122 -10627000
4123 -10568000
4124 -10494000
4125 -10402000
4126 -10289000
4127 -10156000
4128 -9999400
4129 -9818300
4130 -9610600
4131 -9374300
4132 -9108100
4133 -8814800
4134 -8497400
4135 -8158000
4136 -7799300
4137 -7422700
4138 -7029400
4139 -6622600
4140 -6204600
4141 -5775800
4142 -5337100
4143 -4888900
4144 -4431700
4145 -3968300
4146 -3501200
4147 -3032000
4148 -2562600
4149 -2093300
4150 -1624500
4151 -1157600
4152 -693550
4153 -232110
4154 226660
4155 683160
4156 1137200
4157 1586000
4158 2026800
4159 2457900
4160 2877300
4161 3283500
4162 3675300
4163 4050400
4164 4407600
4165 4748400
4166 5074300
4167 5387000
4168 5688100
4169 5977500
4170 6255100
4171 6522100
4172 6779400
4173 7028000
4174 7269100
4175 7502700
4176 7729400
4177 7951300
4178 8170300
4179 8388100
4180 8606000
4181 8822400
4182 9035700
4183 9245300
4184 9450000
4185 9649100
4186 9842100
4187 10027000
4188 10204000
4189 10372000
4190 10534000
4191 10690000
4192 10841000
4193 10986000
4194 11124000
4195 11257000
4196 11383000
4197 11503000
4198 11618000
4199 11727000
4200 11830000
4201 11929000
4202 12024000
4203 12118000
4204 12211000
4205 12301000
4206 12386000
4207 12464000
4208 12535000
4209 12598000
4210 12652000
4211 12695000
4212 12728000
4213 12752000
4214 12770000
4215 12787000
4216 12805000
4217 12824000
4218 12841000
4219 12859000
4220 12878000
4221 12904000
4222 12940000
4223 12991000
4224 13057000
4225 13144000
4226 13255000
4227 13396000
4228 13567000
4229 13763000
4230 13977000
4231 14202000
4232 14429000
4233 14660000
4234 14895000
4235 15130000
4236 15362000
4237 15583000
4238 15782000
4239 15958000
4240 16104000
4241 16213000
4242 16277000
4243 16286000
4244 16235000
4245 16135000
4246 15997000
4247 15835000
4248 15658000
4249 15467000
4250 15260000
4251 15044000
4252 14823000
4253 14612000
4254 14423000
4255 14263000
4256 14139000
4257 14058000
4258 14022000
4259 14050000
4260 14147000
4261 14296000
4262 14481000
4263 14638000
4264 14740000
4265 14843000
4266 14993000
4267 15330000
4268 15903000
4269 16498000
4270 16918000
4271 16800000
4272 15962000
4273 14842000
4274 13837000
4275 13556000
4276 14318000
4277 15262000
4278 15601000
4279 14502000
4280 11462000
4281 7657100
4282 4224500
4283 1964500
4284 1524700
4285 2106500
4286 2856800
4287 3536600
4288 3806900
4289 3851100
4290 3938400
4291 3859700
4292 3537200
4293 3057900
4294 2453000
4295 1869600
4296 1444400
4297 1128400
4298 886510
4299 755170
4300 728770
4301 784530
4302 904970
4303 1036300
4304 1134800
4305 1214300
4306 1284900
4307 1337300
4308 1373500
4309 1395400
4310 1403700
4311 1413400
4312 1435700
4313 1464700
4314 1496500
4315 1531300
4316 1567600
4317 1607500
4318 1654000
4319 1704000
4320 1756500
4321 1815000
4322 1881700
4323 1959800
4324 2051100
4325 2151600
4326 2257300
4327 2364800
4328 2470700
4329 2575300
4330 2678600
4331 2779100
4332 2874700
4333 2960700
4334 3032200
4335 3087000
4336 3122000
4337 3134000
4338 3120700
4339 3076600
4340 2999600
4341 2895700
4342 2770600
4343 2634000
4344 2493200
4345 2340100
4346 2169100
4347 1980800
4348 1776800
4349 1572800
4350 1386000
4351 1214300
4352 1065000
4353 970460
4354 955290
4355 1044700
4356 1252000
4357 1535200
4358 1849000
4359 2184300
4360 2513100
4361 2780200
4362 2943100
4363 2944800
4364 2752300
4365 2431000
4366 2049600
4367 1619500
4368 1182000
4369 811720
4370 563290
4371 523970
4372 737260
4373 1080200
4374 1427000
4375 1733400
4376 1915900
4377 1872500
4378 1530500
4379 751720
4380 -530050
4381 -2142300
4382 -3909600
4383 -5732400
4384 -7474200
4385 -9044500
4386 -10377000
4387 -11306000
4388 -11744000
4389 -11814000
4390 -11641000
4391 -11321000
4392 -10968000
4393 -10588000
4394 -10186000
4395 -9852700
4396 -9637700
4397 -9504200
4398 -9423900
4399 -9347400
4400 -9231200
4401 -9119200
4402 -9050200
4403 -9024100
4404 -9050200
4405 -9117700
4406 -9210000
4407 -9338800
4408 -9505500
4409 -9687100
4410 -9865500
4411 -10018000
4412 -10125000
4413 -10203000
4414 -10264000
4415 -10314000
4416 -10360000
4417 -10398000
4418 -10423000
4419 -10441000
4420 -10457000
4421 -10467000
4422 -10472000
4423 -10468000
4424 -10451000
4425 -10430000
4426 -10410000
4427 -10397000
4428 -10395000
4429 -10396000
4430 -10394000
4431 -10386000
4432 -10370000
4433 -10342000
4434 -10300000
4435 -10238000
4436 -10153000
4437 -10050000
4438 -9935700
4439 -9814700
4440 -9692700
4441 -9567500
4442 -9437800
4443 -9305400
4444 -9171900
4445 -9042700
4446 -8923800
4447 -8816400
4448 -8723300
4449 -8650400
4450 -8602000
4451 -8584600
4452 -8601300
4453 -8644200
4454 -8705300
4455 -8776600
4456 -8850400
4457 -8926900
4458 -9005700
4459 -9082100
4460 -9151900
4461 -9206600
4462 -9237500
4463 -9241600
4464 -9214100
4465 -9145500
4466 -9028300
4467 -8852600
4468 -8613200
4469 -8321300
4470 -7988400
4471 -7626400
4472 -7246400
4473 -6847000
4474 -6427600
4475 -5994300
4476 -5552900
4477 -5117100
4478 -4701300
4479 -4309100
4480 -3948300
4481 -3634900
4482 -3381000
4483 -3203400
4484 -3110100
4485 -3080000
4486 -3090600
4487 -3121300
4488 -3151100
4489 -3179900
4490 -3206300
4491 -3216600
4492 -3199100
4493 -3135100
4494 -3004600
4495 -2804300
4496 -2524900
4497 -2139100
4498 -1626000
4499 -960960
4500 -132000
4501 825950
4502 1875600
4503 2988100
4504 4130600
4505 5292300
4506 6462000
4507 7609200
4508 8709800
4509 9747700
4510 10705000
4511 11579000
4512 12360000
4513 13013000
4514 13507000
4515 13814000
4516 13919000
4517 13849000
4518 13636000
4519 13296000
4520 12854000
4521 12325000
4522 11721000
4523 11076000
4524 10411000
4525 9726300
4526 9020500
4527 8290100
4528 7533300
4529 6773700
4530 6032200
4531 5319800
4532 4646300
4533 4004900
4534 3386500
4535 2793800
4536 2224000
4537 1667900
4538 1118900
4539 563610
4540 -5851.8
4541 -576050
4542 -1133900
4543 -1671600
4544 -2179600
4545 -2657500
4546 -3106100
4547 -3517400
4548 -3888100
4549 -4222300
4550 -4523700
4551 -4798600
4552 -5052300
4553 -5281500
4554 -5483600
4555 -5659400
4556 -5809700
4557 -5939800
4558 -6055500
4559 -6158000
4560 -6250700
4561 -6339800
4562 -6430700
4563 -6530100
4564 -6642600
4565 -6763900
4566 -6889700
4567 -7017900
4568 -7145400
4569 -7271400
4570 -7395700
4571 -7514200
4572 -7624900
4573 -7730100
4574 -7831300
4575 -7930900
4576 -8030800
4577 -8129200
4578 -8224400
4579 -8316700
4580 -8405700
4581 -8491800
4582 -8575500
4583 -8656100
4584 -8733200
4585 -8808100
4586 -8881600
4587 -8954700
4588 -9028100
4589 -9100300
4590 -9169700
4591 -9235600
4592 -9297100
4593 -9353300
4594 -9403600
4595 -9446500
4596 -9481200
4597 -9508800
4598 -9530500
4599 -9546800
4600 -9558700
4601 -9566500
4602 -9570600
4603 -9572100
4604 -9806100
4605 -9814900
4606 -9819700
4607 -9819600
4608 -9813900
4609 -9802600
4610 -9786200
4611 -9763900
4612 -9735800
4613 -9703000
4614 -9666600
4615 -9629100
4616 -9592100
4617 -9554200
4618 -9514600
4619 -9472600
4620 -9428300
4621 -9386400
4622 -9351400
4623 -9325600
4624 -9311600
4625 -9311800
4626 -9327400
4627 -9363200
4628 -9421000
4629 -9495200
4630 -9580700
4631 -9669300
4632 -9754500
4633 -9843000
4634 -9939800
4635 -10043000
4636 -10151000
4637 -10253000
4638 -10335000
4639 -10402000
4640 -10451000
4641 -10447000
4642 -10366000
4643 -10186000
4644 -9892700
4645 -9525900
4646 -9127700
4647 -8697600
4648 -8257400
4649 -7872900
4650 -7594000
4651 -7482900
4652 -7573300
4653 -7775600
4654 -7995900
4655 -8216000
4656 -8380200
4657 -8390300
4658 -8174900
4659 -7618700
4660 -6665500
4661 -5475700
4662 -4213800
4663 -2953300
4664 -1811100
4665 -900320
4666 -303320
4667 -188260
4668 -641460
4669 -1494200
4670 -2575900
4671 -3781800
4672 -4972600
4673 -6077200
4674 -7044700
4675 -7718600
4676 -8015000
4677 -8037900
4678 -7887000
4679 -7638100
4680 -7382500
4681 -7123500
4682 -6856300
4683 -6660500
4684 -6568100
4685 -6510800
4686 -6428100
4687 -6253000
4688 -5921200
4689 -5454900
4690 -4876700
4691 -4155300
4692 -3286900
4693 -2292300
4694 -1187200
4695 -38308
4696 1110900
4697 2321600
4698 3636800
4699 5077500
4700 6648700
4701 8232900
4702 9705700
4703 11045000
4704 12182000
4705 12975000
4706 13317000
4707 13058000
4708 12120000
4709 10692000
4710 8972600
4711 7063100
4712 5111800
4713 3231600
4714 1508300
4715 136450
4716 -772180
4717 -1343500
4718 -1701100
4719 -1933100
4720 -2148000
4721 -2346800
4722 -2522700
4723 -2767600
4724 -3123900
4725 -3535400
4726 -3954900
4727 -4327000
4728 -4596900
4729 -4785400
4730 -4914700
4731 -4963100
4732 -4931100
4733 -4845700
4734 -4730100
4735 -4617100
4736 -4538300
4737 -4499300
4738 -4504600
4739 -4573800
4740 -4714000
4741 -4911300
4742 -5151600
4743 -5418400
4744 -5694600
4745 -5978300
4746 -6268000
4747 -6550500
4748 -6818600
4749 -7074200
4750 -7318100
4751 -7556000
4752 -7791900
4753 -8016300
4754 -8221000
4755 -8402700
4756 -8558000
4757 -8691600
4758 -8809500
4759 -8911900
4760 -9001400
4761 -9082900
4762 -9159900
4763 -9239100
4764 -9325000
4765 -9414700
4766 -9505200
4767 -9594500
4768 -9680600
4769 -9765500
4770 -9851200
4771 -9937000
4772 -10023000
4773 -10108000
4774 -10191000
4775 -10274000
4776 -10357000
4777 -10437000
4778 -10512000
4779 -10581000
4780 -9691600
4781 -9834900
4782 -9981400
4783 -10131000
4784 -10282000
4785 -10432000
4786 -10578000
4787 -10716000
4788 -10845000
4789 -10966000
4790 -11079000
4791 -11182000
4792 -11277000
4793 -11363000
4794 -11442000
4795 -11514000
4796 -11581000
4797 -11639000
4798 -11686000
4799 -11721000
4800 -11740000
4801 -11744000
4802 -11731000
4803 -11700000
4804 -11650000
4805 -11582000
4806 -11498000
4807 -11399000
4808 -11289000
4809 -11166000
4810 -11031000
4811 -10886000
4812 -10730000
4813 -10566000
4814 -10394000
4815 -10216000
4816 -10031000
4817 -9841300
4818 -9649700
4819 -9457600
4820 -9266200
4821 -9074900
4822 -8882800
4823 -8690100
4824 -8496400
4825 -8301200
4826 -8104500
4827 -7905200
4828 -7702700
4829 -7498600
4830 -7294100
4831 -7090100
4832 -6887700
4833 -6686900
4834 -6487800
4835 -6291200
4836 -6097300
4837 -5905600
4838 -5715500
4839 -5526000
4840 -5336300
4841 -5146700
4842 -4957400
4843 -4768100
4844 -4578500
4845 -4387700
4846 -4194600
4847 -3999000
4848 -3800400
4849 -3597400
4850 -3389300
4851 -3174800
4852 -2953200
4853 -2725500
4854 -2492600
4855 -2255100
4856 -2013900
4857 -1769200
4858 -1521200
4859 -1270900
4860 -1018700
4861 -764560
4862 -508100
4863 -248970
4864 13150
4865 277590
4866 543770
4867 811530
4868 1080700
4869 1351700
4870 1625000
4871 1900400
4872 2178200
4873 2459100
4874 2743800
4875 3033100
4876 3327700
4877 3626400
4878 3928300
4879 4233100
4880 4540100
4881 4849100
4882 5159700
4883 5471200
4884 5783200
4885 6097000
4886 6414100
4887 6735700
4888 7063300
4889 7396700
4890 7736000
4891 8081800
4892 8434800
4893 8795900
4894 9166000
4895 9545100
4896 9933500
4897 10333000
4898 10744000
4899 11168000
4900 11606000
4901 12055000
4902 12513000
4903 12979000
4904 13450000
4905 13925000
4906 14401000
4907 14877000
4908 15351000
4909 15822000
4910 16290000
4911 16755000
4912 17217000
4913 17675000
4914 18127000
4915 18572000
4916 19009000
4917 19437000
4918 19854000
4919 20258000
4920 20646000
4921 21019000
4922 21377000
4923 21719000
4924 22043000
4925 22348000
4926 22631000
4927 22890000
4928 23124000
4929 23330000
4930 23508000
4931 23653000
4932 23765000
4933 23847000
4934 23900000
4935 23928000
4936 23932000
4937 23914000
4938 23874000
4939 23816000
4940 23742000
4941 23652000
4942 23546000
4943 23425000
4944 23289000
4945 23141000
4946 22982000
4947 22813000
4948 22638000
4949 22455000
4950 22266000
4951 22071000
4952 21872000
4953 21669000
4954 21460000
4955 21247000
4956 21029000
4957 20809000
4958 20589000
4959 20371000
4960 20156000
4961 19947000
4962 19744000
4963 19549000
4964 19364000
4965 19188000
4966 19017000
4967 18851000
4968 18687000
4969 18526000
4970 18366000
4971 18207000
4972 18047000
4973 17885000
4974 17722000
4975 17555000
4976 17386000
4977 17213000
4978 17033000
4979 16846000
4980 16650000
4981 16445000
4982 16233000
4983 16013000
4984 15786000
4985 15551000
4986 15309000
4987 15062000
4988 14810000
4989 14551000
4990 14283000
4991 14007000
4992 13722000
4993 13426000
4994 13119000
4995 12802000
4996 12474000
4997 12135000
4998 11787000
4999 11430000
5000 11067000
5001 10697000
5002 10320000
5003 9937100
5004 9549100
5005 9156800
5006 8761200
5007 8362700
5008 7962200
5009 7560800
5010 7160000
5011 6760900
5012 6364600
5013 5970500
5014 5578100
5015 5187300
5016 4797800
5017 4409600
5018 4022600
5019 3636400
5020 3250700
5021 2866100
5022 2483400
5023 2103100
5024 1725800
5025 1351400
5026 979850
5027 611360
5028 246120
5029 -115560
5030 -473340
5031 -827230
5032 -1177100
5033 -1522300
5034 -1862400
5035 -2196800
5036 -2525100
5037 -2847700
5038 -3165000
5039 -3477000
5040 -3783800
5041 -4085600
5042 -4382300
5043 -4674300
5044 -4961700
5045 -5243800
5046 -5519800
5047 -5789100
5048 -6050900
5049 -6305200
5050 -6552000
5051 -6790700
5052 -7021100
5053 -7242700
5054 -7454800
5055 -7657400
5056 -7850200
5057 -8032500
5058 -8203700
5059 -8363200
5060 -8510700
5061 -8647100
5062 -8773000
5063 -8889000
5064 -8995900
5065 -9094100
5066 -9183800
5067 -9265800
5068 -9340700
5069 -9408900
5070 -9470600
5071 -9525900
5072 -9575000
5073 -9618800
5074 -9658100
5075 -9693400
5076 -9725200
5077 -9753400
5078 -9777600
5079 -9798000
5080 -9814400
5081 -9826900
5082 -9835200
5083 -9839100
5084 -9838500
5085 -9833900
5086 -9826000
5087 -9815200
5088 -9802300
5089 -9787100
5090 -9769800
5091 -9750700
5092 -9730100
5093 -9708100
5094 -9685000
5095 -9660500
5096 -9634600
5097 -9608000
5098 -9581500
5099 -9555600
5100 -9530700
5101 -9506000
5102 -9480600
5103 -9454600
5104 -9427500
5105 -9398900
5106 -9368400
5107 -9335200
5108 -9299000
5109 -9261500
5110 -9224200
5111 -9188500
5112 -9155900
5113 -9126700
5114 -9101100
5115 -9600300
5116 -9603600
5117 -9612600
5118 -9627300
5119 -9648200
5120 -9676700
5121 -9713500
5122 -9759800
5123 -9816100
5124 -9880300
5125 -9950500
5126 -10026000
5127 -10104000
5128 -10183000
5129 -10263000
5130 -10341000
5131 -10414000
5132 -10484000
5133 -10550000
5134 -10613000
5135 -10672000
5136 -10725000
5137 -10772000
5138 -10812000
5139 -10844000
5140 -10866000
5141 -10878000
5142 -10877000
5143 -10862000
5144 -10832000
5145 -10787000
5146 -10727000
5147 -10652000
5148 -10558000
5149 -10444000
5150 -10308000
5151 -10149000
5152 -9965000
5153 -9753800
5154 -9513400
5155 -9242700
5156 -8944400
5157 -8621600
5158 -8276400
5159 -7911600
5160 -7528500
5161 -7128500
5162 -6714800
5163 -6289600
5164 -5853500
5165 -5407300
5166 -4951400
5167 -4486500
5168 -4015100
5169 -3540000
5170 -3062900
5171 -2585400
5172 -2108100
5173 -1631300
5174 -1156400
5175 -684460
5176 -215140
5177 251470
5178 715770
5179 1177600
5180 1634100
5181 2082400
5182 2520800
5183 2947400
5184 3360600
5185 3759000
5186 4140600
5187 4503800
5188 4850400
5189 5181900
5190 5500000
5191 5806200
5192 6100500
5193 6382900
5194 6654400
5195 6916100
5196 7169000
5197 7414200
5198 7651800
5199 7882300
5200 8108000
5201 8330700
5202 8552300
5203 8773900
5204 8994000
5205 9211000
5206 9424100
5207 9632300
5208 9834800
5209 10031000
5210 10219000
5211 10399000
5212 10570000
5213 10735000
5214 10893000
5215 11047000
5216 11194000
5217 11335000
5218 11470000
5219 11598000
5220 11720000
5221 11837000
5222 11948000
5223 12053000
5224 12153000
5225 12250000
5226 12346000
5227 12440000
5228 12532000
5229 12618000
5230 12698000
5231 12770000
5232 12834000
5233 12889000
5234 12933000
5235 12966000
5236 12990000
5237 13009000
5238 13026000
5239 13045000
5240 13063000
5241 13082000
5242 13100000
5243 13119000
5244 13145000
5245 13182000
5246 13233000
5247 13301000
5248 13390000
5249 13503000
5250 13645000
5251 13820000
5252 14019000
5253 14237000
5254 14465000
5255 14696000
5256 14931000
5257 15170000
5258 15410000
5259 15645000
5260 15869000
5261 16072000
5262 16251000
5263 16400000
5264 16511000
5265 16576000
5266 16585000
5267 16533000
5268 16431000
5269 16292000
5270 16126000
5271 15947000
5272 15752000
5273 15543000
5274 15323000
5275 15098000
5276 14883000
5277 14691000
5278 14528000
5279 14402000
5280 14319000
5281 14283000
5282 14311000
5283 14410000
5284 14562000
5285 14749000
5286 14909000
5287 15013000
5288 15117000
5289 15269000
5290 15611000
5291 16194000
5292 16799000
5293 17226000
5294 17105000
5295 16252000
5296 15113000
5297 14091000
5298 13803000
5299 14578000
5300 15537000
5301 15881000
5302 14763000
5303 11670000
5304 7798700
5305 4306800
5306 2007700
5307 1560100
5308 2151700
5309 2914900
5310 3606700
5311 3882400
5312 3928300
5313 4018400
5314 3940100
5315 3614300
5316 3129300
5317 2516900
5318 1926700
5319 1497400
5320 1179500
5321 936840
5322 806600
5323 782960
5324 842800
5325 968400
5326 1105000
5327 1208300
5328 1292300
5329 1367300
5330 1423700
5331 1463800
5332 1489200
5333 1500500
5334 1512800
5335 1537500
5336 1568600
5337 1601900
5338 1637800
5339 1674500
5340 1714300
5341 1759700
5342 1807900
5343 1857700
5344 1912300
5345 1974100
5346 2046000
5347 2129900
5348 2221900
5349 2318200
5350 2415500
5351 2510700
5352 2604000
5353 2695800
5354 2784700
5355 2868900
5356 2943500
5357 3003500
5358 3046900
5359 3070500
5360 3071200
5361 3046800
5362 2991900
5363 2904500
5364 2790800
5365 2656600
5366 2512000
5367 2364400
5368 2205700
5369 2030200
5370 1838500
5371 1632100
5372 1427300
5373 1242000
5374 1074000
5375 930990
5376 846060
5377 844380
5378 951810
5379 1181900
5380 1491900
5381 1835300
5382 2202800
5383 2565400
5384 2867200
5385 3064700
5386 3099900
5387 2938900
5388 2648200
5389 2297300
5390 1898000
5391 1491800
5392 1154700
5393 941650
5394 941250
5395 1197500
5396 1585600
5397 1977600
5398 2328800
5399 2554100
5400 2550000
5401 2242400
5402 1491100
5403 228720
5404 -1369300
5405 -3124900
5406 -4936900
5407 -6666500
5408 -8221800
5409 -9535400
5410 -10439000
5411 -10841000
5412 -10872000
5413 -10654000
5414 -10289000
5415 -9889000
5416 -9464000
5417 -9016100
5418 -8640700
5419 -8386700
5420 -8217000
5421 -8102700
5422 -7993300
5423 -7844600
5424 -7701300
5425 -7602800
5426 -7548700
5427 -7548500
5428 -7591800
5429 -7662100
5430 -7771900
5431 -7923000
5432 -8092100
5433 -8260900
5434 -8406300
5435 -8510400
5436 -8587700
5437 -8652600
5438 -8709900
5439 -8767500
5440 -8821800
5441 -8868200
5442 -8913800
5443 -8961800
5444 -9010200
5445 -9057900
5446 -9100200
5447 -9133900
5448 -9166200
5449 -9203300
5450 -9249300
5451 -9307100
5452 -9370500
5453 -9432600
5454 -9491600
5455 -9544000
5456 -9586400
5457 -9616600
5458 -9628500
5459 -9618800
5460 -9592500
5461 -9553900
5462 -9508100
5463 -9459500
5464 -9406300
5465 -9347100
5466 -9283600
5467 -9217200
5468 -9152000
5469 -9092200
5470 -9038700
5471 -8993300
5472 -8960800
5473 -8944700
5474 -8950100
5475 -8979500
5476 -9026500
5477 -9084700
5478 -9148000
5479 -9210000
5480 -9271100
5481 -9331000
5482 -9386200
5483 -9433200
5484 -9465200
5485 -9475200
5486 -9460900
5487 -9418300
5488 -9339900
5489 -9219800
5490 -9050100
5491 -8826800
5492 -8559000
5493 -8256600
5494 -7929400
5495 -7586900
5496 -7227700
5497 -6851700
5498 -6463600
5499 -6068500
5500 -5678000
5501 -5304200
5502 -4950700
5503 -4623800
5504 -4337100
5505 -4100900
5506 -3929400
5507 -3829400
5508 -3783000
5509 -3771400
5510 -3777400
5511 -3783500
5512 -3789100
5513 -3793200
5514 -3783900
5515 -3751600
5516 -3680700
5517 -3554700
5518 -3370900
5519 -3121700
5520 -2784400
5521 -2341500
5522 -1772500
5523 -1067500
5524 -255240
5525 633670
5526 1575600
5527 2543600
5528 3528600
5529 4521600
5530 5497100
5531 6435500
5532 7323500
5533 8146300
5534 8901700
5535 9582500
5536 10159000
5537 10606000
5538 10901000
5539 11031000
5540 11018000
5541 10888000
5542 10654000
5543 10336000
5544 9945700
5545 9493600
5546 9005300
5547 8498900
5548 7973700
5549 7430200
5550 6865200
5551 6277500
5552 5686500
5553 5109400
5554 4555700
5555 4033300
5556 3535500
5557 3053300
5558 2587300
5559 2133900
5560 1685600
5561 1236300
5562 774500
5563 292840
5564 -198680
5565 -690430
5566 -1176100
5567 -1648300
5568 -2108500
5569 -2558300
5570 -2992700
5571 -3409300
5572 -3809600
5573 -4194300
5574 -4567300
5575 -4931400
5576 -5281700
5577 -5614700
5578 -5928300
5579 -6221300
5580 -6498300
5581 -6764700
5582 -7021400
5583 -7271100
5584 -7517800
5585 -7764500
5586 -8016400
5587 -8276400
5588 -8539200
5589 -8799400
5590 -9052800
5591 -9294800
5592 -9524800
5593 -9742400
5594 -9943600
5595 -10126000
5596 -10288000
5597 -10429000
5598 -10550000
5599 -10650000
5600 -10725000
5601 -10771000
5602 -10787000
5603 -10771000
5604 -10726000
5605 -10656000
5606 -10564000
5607 -10451000
5608 -10322000
5609 -10177000
5610 -10023000
5611 -9861000
5612 -9691600
5613 -9514200
5614 -9328700
5615 -9135100
5616 -8935600
5617 -8732200
5618 -8525800
5619 -8317500
5620 -8109000
5621 -7902100
5622 -7698700
5623 -7500900
5624 -7309200
5625 -7124500
5626 -6947900
5627 -9957100
5628 -9965900
5629 -9970600
5630 -9970300
5631 -9964200
5632 -9952500
5633 -9935400
5634 -9912200
5635 -9883000
5636 -9849000
5637 -9811300
5638 -9772300
5639 -9733700
5640 -9694200
5641 -9653000
5642 -9609400
5643 -9563900
5644 -9520700
5645 -9484400
5646 -9457000
5647 -9441200
5648 -9439300
5649 -9452700
5650 -9485800
5651 -9540500
5652 -9611400
5653 -9693500
5654 -9778700
5655 -9861000
5656 -9946900
5657 -10041000
5658 -10142000
5659 -10248000
5660 -10348000
5661 -10430000
5662 -10498000
5663 -10549000
5664 -10550000
5665 -10475000
5666 -10303000
5667 -10019000
5668 -9663600
5669 -9278400
5670 -8861800
5671 -8435400
5672 -8066200
5673 -7805300
5674 -7715600
5675 -7831100
5676 -8059300
5677 -8303100
5678 -8543400
5679 -8722800
5680 -8740000
5681 -8521800
5682 -7949100
5683 -6964200
5684 -5732000
5685 -4421900
5686 -3110600
5687 -1919100
5688 -961900
5689 -322650
5690 -173110
5691 -601940
5692 -1440300
5693 -2517700
5694 -3728300
5695 -4932000
5696 -6059500
5697 -7060900
5698 -7780400
5699 -8133900
5700 -8223400
5701 -8146100
5702 -7975000
5703 -7799000
5704 -7621400
5705 -7437500
5706 -7325700
5707 -7316400
5708 -7336000
5709 -7318900
5710 -7195800
5711 -6899200
5712 -6446200
5713 -5855900
5714 -5091200
5715 -4145900
5716 -3047600
5717 -1819600
5718 -535440
5719 754180
5720 2110000
5721 3574400
5722 5163300
5723 6877500
5724 8593500
5725 10181000
5726 11615000
5727 12826000
5728 13660000
5729 14005000
5730 13700000
5731 12663000
5732 11093000
5733 9200700
5734 7093600
5735 4929300
5736 2825300
5737 871930
5738 -726070
5739 -1849500
5740 -2624900
5741 -3176000
5742 -3592500
5743 -3984000
5744 -4344900
5745 -4662400
5746 -5025700
5747 -5474800
5748 -5956700
5749 -6427900
5750 -6833800
5751 -7121700
5752 -7315400
5753 -7439400
5754 -7476500
5755 -7430800
5756 -7328400
5757 -7192000
5758 -7053600
5759 -6944600
5760 -6873400
5761 -6847100
5762 -6886500
5763 -6999800
5764 -7171500
5765 -7386000
5766 -7626600
5767 -7875200
5768 -8128700
5769 -8384400
5770 -8627000
5771 -8848100
5772 -9050700
5773 -9236700
5774 -9412800
5775 -9583700
5776 -9739400
5777 -9871500
5778 -9976800
5779 -10052000
5780 -10104000
5781 -10137000
5782 -10154000
5783 -10157000
5784 -10151000
5785 -10142000
5786 -10137000
5787 -10141000
5788 -10152000
5789 -10167000
5790 -10184000
5791 -10201000
5792 -10222000
5793 -10248000
5794 -10281000
5795 -10318000
5796 -10361000
5797 -10407000
5798 -10456000
5799 -10509000
5800 -10563000
5801 -10615000
5802 -10664000
5803 -9636400
5804 -9581600
5805 -9521200
5806 -9455400
5807 -9385000
5808 -9310700
5809 -9233100
5810 -9153300
5811 -9072200
5812 -8990100
5813 -8907200
5814 -8824100
5815 -8741100
5816 -8658700
5817 -8577600
5818 -8497900
5819 -8420200
5820 -8345300
5821 -8274100
5822 -8207100
5823 -8145000
5824 -8088400
5825 -8038100
5826 -7994700
5827 -7958500
5828 -7928700
5829 -7904300
5830 -7884500
5831 -7868400
5832 -7855300
5833 -7844900
5834 -7835900
5835 -7827500
5836 -7819600
5837 -7811700
5838 -7803800
5839 -7795600
5840 -7786000
5841 -7774300
5842 -7759700
5843 -7741600
5844 -7719900
5845 -7694300
5846 -7664300
5847 -7629500
5848 -7590000
5849 -7545700
5850 -7496700
5851 -7442800
5852 -7383200
5853 -7316900
5854 -7243500
5855 -7162100
5856 -7072300
5857 -6973700
5858 -6865300
5859 -6747000
5860 -6619100
5861 -6482200
5862 -6336900
5863 -6183600
5864 -6022700
5865 -5854200
5866 -5679100
5867 -5497600
5868 -5309700
5869 -5115300
5870 -4914500
5871 -4707100
5872 -4493700
5873 -4274700
5874 -4050100
5875 -3820400
5876 -3585900
5877 -3347100
5878 -3104500
5879 -2858600
5880 -2609500
5881 -2357200
5882 -2101800
5883 -1843700
5884 -1583400
5885 -1321600
5886 -1058700
5887 -795060
5888 -531360
5889 -268240
5890 -6398.1
5891 253800
5892 513270
5893 773010
5894 1033500
5895 1295500
5896 1560000
5897 1827600
5898 2099600
5899 2376900
5900 2658900
5901 2945000
5902 3235000
5903 3528700
5904 3826400
5905 4128300
5906 4434300
5907 4744500
5908 5060100
5909 5382300
5910 5712800
5911 6052800
5912 6402100
5913 6760700
5914 7129000
5915 7507400
5916 7897500
5917 8300800
5918 8717500
5919 9148200
5920 9594600
5921 10058000
5922 10540000
5923 11041000
5924 11558000
5925 12088000
5926 12629000
5927 13179000
5928 13735000
5929 14296000
5930 14858000
5931 15418000
5932 15977000
5933 16534000
5934 17089000
5935 17641000
5936 18188000
5937 18727000
5938 19258000
5939 19780000
5940 20289000
5941 20786000
5942 21266000
5943 21729000
5944 22174000
5945 22600000
5946 23007000
5947 23395000
5948 23760000
5949 24098000
5950 24408000
5951 24688000
5952 24936000
5953 25149000
5954 25324000
5955 25459000
5956 25558000
5957 25624000
5958 25658000
5959 25665000
5960 25644000
5961 25598000
5962 25529000
5963 25439000
5964 25330000
5965 25201000
5966 25055000
5967 24890000
5968 24710000
5969 24518000
5970 24315000
5971 24105000
5972 23885000
5973 23658000
5974 23423000
5975 23182000
5976 22933000
5977 22678000
5978 22414000
5979 22143000
5980 21867000
5981 21589000
5982 21310000
5983 21032000
5984 20758000
5985 20487000
5986 20223000
5987 19966000
5988 19715000
5989 19468000
5990 19225000
5991 18983000
5992 18742000
5993 18503000
5994 18265000
5995 18026000
5996 17787000
5997 17545000
5998 17302000
5999 17056000
6000 16805000
6001 16548000
6002 16284000
6003 16011000
6004 15730000
6005 15444000
6006 15152000
6007 14856000
6008 14557000
6009 14254000
6010 13949000
6011 13644000
6012 13338000
6013 13029000
6014 12718000
6015 12403000
6016 12085000
6017 11765000
6018 11443000
6019 11119000
6020 10792000
6021 10464000
6022 10134000
6023 9802700
6024 9470000
6025 9135200
6026 8797800
6027 8457800
6028 8116200
6029 7774200
6030 7432400
6031 7091300
6032 6751900
6033 6414700
6034 6080800
6035 5750800
6036 5423500
6037 5097800
6038 4772600
6039 4446700
6040 4120200
6041 3793100
6042 3464500
6043 3134000
6044 2801000
6045 2465000
6046 2126200
6047 1784600
6048 1438800
6049 1088100
6050 731530
6051 368770
6052 1304.3
6053 -369220
6054 -741950
6055 -1115600
6056 -1488900
6057 -1860700
6058 -2229100
6059 -2592600
6060 -2951700
6061 -3306700
6062 -3657600
6063 -4004600
6064 -4346600
6065 -4682800
6066 -5013100
6067 -5337000
6068 -5653200
6069 -5960700
6070 -6257800
6071 -6543300
6072 -6817300
6073 -7079700
6074 -7330200
6075 -7568300
6076 -7792200
6077 -7999900
6078 -8190800
6079 -8363700
6080 -8517100
6081 -8649700
6082 -8759600
6083 -8846100
6084 -8911300
6085 -8957300
6086 -8986100
6087 -8999600
6088 -8998700
6089 -8984600
6090 -8959300
6091 -8924700
6092 -8881300
6093 -8829900
6094 -8770700
6095 -8704200
6096 -8632700
6097 -8558200
6098 -8482000
6099 -8405600
6100 -8329000
6101 -8251900
6102 -8175200
6103 -8099300
6104 -8023900
6105 -7948800
6106 -7873400
6107 -7797700
6108 -7723700
6109 -7653300
6110 -7587800
6111 -7528600
6112 -7476500
6113 -7432100
6114 -7396900
6115 -7371700
6116 -7355500
6117 -7347700
6118 -7347100
6119 -7352600
6120 -7364800
6121 -7384300
6122 -7410700
6123 -7443700
6124 -7482000
6125 -7524200
6126 -7570000
6127 -7618500
6128 -7668200
6129 -7717500
6130 -7764700
6131 -7808800
6132 -7851700
6133 -7895500
6134 -7941800
6135 -7992100
6136 -8046800
6137 -8106200
