0 2226400
1 -1374900
2 -4186300
3 -8311100
4 -8078900
5 -16195000
6 -16930000
7 -14799000
8 -8850200
9 2524300
10 13170000
11 15119000
12 11634000
13 4393800
14 -6835800
15 -6522900
16 -787640
17 7756300
18 17793000
19 21736000
20 16603000
21 10390000
22 794420
23 -15019000
24 -16343000
25 -17796000
26 -9562200
27 -123210
28 8156500
29 6425000
30 7738900
31 -257210
32 -738970
33 -2314300
34 -2146100
35 -5906100
36 -5773100
37 -13213000
38 -16160000
39 -11745000
40 -4580000
41 5981800
42 14082000
43 13319000
44 4538400
45 -3174900
46 -10539000
47 -8094500
48 2888600
49 14372000
50 22896000
51 24396000
52 17602000
53 6406200
54 919290
55 -12519000
56 -14554000
57 -14284000
58 -12363000
59 -7171700
60 671560
61 2138100
62 6799100
63 8278700
64 5465700
65 4726900
66 -547680
67 -8336300
68 -12776000
69 -17550000
70 -18267000
71 -9560100
72 672690
73 7991600
74 15703000
75 11778000
76 3229100
77 -2675300
78 -8073500
79 -5918000
80 5085900
81 15409000
82 21072000
83 21518000
84 11495000
85 2725400
86 -2881500
87 -11607000
88 -13389000
89 -12334000
90 -11482000
91 -7481600
92 1245800
93 3910300
94 9722200
95 10162000
96 6111500
97 1230300
98 -6386500
99 -15066000
100 -19096000
101 -19594000
102 -15609000
103 -4438200
104 5151000
105 12096000
106 14061000
107 9818300
108 2721600
109 -2061000
110 -3235100
111 126980
112 9415600
113 17264000
114 18062000
115 14289000
116 5476900
117 -689450
118 -4290100
119 -10611000
120 -11654000
121 -11985000
122 -10298000
123 -3891200
124 5553800
125 8314800
126 13363000
127 7909200
128 724940
129 -7743700
130 -14895000
131 -19654000
132 -18198000
133 -14411000
134 -7234700
135 2351500
136 8852400
137 12100000
138 12456000
139 7184500
140 1339900
141 -2424700
142 -2221100
143 2314100
144 12044000
145 16151000
146 14179000
147 9918300
148 2653700
149 -1099300
150 -6566100
151 -10210000
152 -12659000
153 -9994000
154 -5600500
155 5391800
156 10278000
157 11920000
158 8375400
159 -876620
160 -8078400
161 -14893000
162 -17270000
163 -16999000
164 -13192000
165 -7581900
166 -3068.6
167 6746500
168 10717000
169 11378000
170 7274300
171 1892300
172 -3470800
173 -3185500
174 1243400
175 8714000
176 15158000
177 14830000
178 12162000
179 6308600
180 4273500
181 -3891100
182 -8539000
183 -12951000
184 -14700000
185 -8295000
186 1864200
187 9111800
188 12696000
189 10467000
190 -612360
191 -5765900
192 -13840000
193 -16124000
194 -14238000
195 -12106000
196 -8190200
197 -1197900
198 5906600
199 8924200
200 12968000
201 7885900
202 2272200
203 -2902300
204 -4544500
205 -505240
206 7746200
207 13652000
208 13371000
209 11463000
210 3971100
211 2317700
212 -3588400
213 -8098900
214 -11427000
215 -12245000
216 -6841900
217 2222000
218 9378400
219 11062000
220 9226200
221 -828060
222 -6625500
223 -14095000
224 -15660000
225 -15193000
226 -11846000
227 -7337900
228 -388890
229 6735100
230 10028000
231 12242000
232 7552400
233 3090200
234 -2379800
235 -3287600
236 887990
237 7928700
238 14518000
239 13556000
240 10726000
241 3311500
242 1557900
243 -6644200
244 -9061900
245 -12454000
246 -12784000
247 -5814600
248 2934600
249 9571000
250 11696000
251 8628400
252 -1759500
253 -7067900
254 -14352000
255 -15608000
256 -13968000
257 -11169000
258 -5916600
259 956960
260 6735500
261 9335700
262 10912000
263 6934400
264 3749300
265 742300
266 215410
267 3768400
268 10121000
269 12889000
270 11189000
271 8805000
272 3386800
273 2149300
274 -8819900
275 -12903000
276 -17537000
277 -15678000
278 -5407500
279 6005400
280 11430000
281 12520000
282 5870600
283 -4947100
284 -8540800
285 -14446000
286 -12753000
287 -11279000
288 -9606200
289 -5131400
290 1338500
291 6591900
292 9612900
293 11646000
294 6739000
295 3574300
296 863970
297 1253300
298 6102000
299 13375000
300 12742000
301 11853000
302 6946200
303 3181200
304 -1196300
305 -11136000
306 -14589000
307 -18746000
308 -12330000
309 -2638500
310 8042500
311 10919000
312 9961300
313 -118490
314 -7213700
315 -11660000
316 -14739000
317 -10795000
318 -10756000
319 -6358600
320 -2371000
321 4431200
322 8005700
323 11301000
324 9923600
325 4883500
326 2094800
327 843110
328 5283500
329 10935000
330 13813000
331 10896000
332 8701200
333 2939800
334 2449400
335 -6378300
336 -11847000
337 -15891000
338 -15396000
339 -6479000
340 4477800
341 11392000
342 11241000
343 5378100
344 -6435500
345 -10907000
346 -15609000
347 -13744000
348 -11216000
349 -8622900
350 -4401300
351 133150
352 5396500
353 7827100
354 11390000
355 8163100
356 5900300
357 3297500
358 5729400
359 9766200
360 14183000
361 11685000
362 8965300
363 3869700
364 2986200
365 -2110300
366 -10483000
367 -13462000
368 -18114000
369 -10447000
370 -257950
371 9160200
372 11318000
373 9227600
374 -3275600
375 -9291000
376 -12436000
377 -14029000
378 -9961200
379 -10008000
380 -7018200
381 -4105200
382 2235300
383 4196300
384 9071200
385 7994600
386 5327300
387 3680000
388 3894000
389 9152100
390 14389000
391 15892000
392 12002000
393 8654800
394 1998200
395 1123500
396 -9246900
397 -13390000
398 -17361000
399 -14271000
400 -4816900
401 4790200
402 9311500
403 8364200
404 1831100
405 -7552300
406 -9869600
407 -12841000
408 -8989200
409 -8251300
410 -7719900
411 -4122600
412 -53574
413 4465700
414 6575000
415 7422300
416 3059500
417 2224100
418 1598300
419 7000200
420 13114000
421 17242000
422 13999000
423 9607700
424 4360900
425 3638900
426 -1322700
427 -10043000
428 -14206000
429 -17936000
430 -10320000
431 1533300
432 8807300
433 8971800
434 5759100
435 -5336900
436 -10148000
437 -12295000
438 -11943000
439 -7104900
440 -6369400
441 -4658200
442 -2015800
443 2141000
444 4235900
445 7488300
446 5041000
447 2836900
448 625050
449 1724200
450 7710800
451 16129000
452 18213000
453 14571000
454 7547600
455 866500
456 716000
457 -6559000
458 -12434000
459 -15067000
460 -14113000
461 -4453600
462 7720600
463 10603000
464 8411900
465 1291300
466 -8869500
467 -10368000
468 -12813000
469 -10415000
470 -7499600
471 -6557900
472 -4487800
473 -130500
474 2969800
475 4010300
476 6583500
477 3669700
478 2136100
479 1269000
480 3159200
481 8318200
482 16405000
483 17361000
484 13130000
485 7043500
486 1635700
487 135050
488 -8912500
489 -13229000
490 -15771000
491 -12651000
492 -1431600
493 8234500
494 10220000
495 7727400
496 -1127800
497 -9334400
498 -9524000
499 -11499000
500 -8300500
501 -6342400
502 -6259500
503 -4007800
504 -741210
505 2562900
506 2842700
507 5725300
508 2263800
509 1702200
510 624930
511 3567800
512 9329100
513 16739000
514 17585000
515 13687000
516 7584500
517 750950
518 -1512100
519 -11646000
520 -14889000
521 -16317000
522 -10721000
523 244170
524 9761400
525 11392000
526 7803300
527 -262150
528 -8342400
529 -8619400
530 -11129000
531 -8568200
532 -7145500
533 -6316600
534 -4661600
535 -255690
536 1966000
537 2851200
538 5534600
539 1676800
540 1544800
541 400990
542 2539200
543 8883900
544 15827000
545 17874000
546 16530000
547 10316000
548 2798700
549 -740270
550 -10926000
551 -15426000
552 -14383000
553 -13034000
554 -3589300
555 6762600
556 10422000
557 8621500
558 3944400
559 -5628700
560 -7721500
561 -9099600
562 -10353000
563 -8714000
564 -8923600
565 -6913600
566 -5147800
567 232230
568 1414500
569 5622200
570 6090100
571 3803500
572 1480800
573 640860
574 3677700
575 9998200
576 17651000
577 16334000
578 14286000
579 6406500
580 434810
581 -3152400
582 -11946000
583 -14312000
584 -13688000
585 -7752800
586 537280
587 11402000
588 10507000
589 6890600
590 -37417
591 -8666500
592 -7605000
593 -8535800
594 -7262500
595 -9349600
596 -8902400
597 -9617700
598 -5467900
599 981490
600 3218600
601 7250900
602 5496400
603 2394000
604 -1807800
605 315610
606 2204900
607 11437000
608 18012000
609 18078000
610 14631000
611 5841000
612 69753
613 -3247500
614 -12208000
615 -14470000
616 -13498000
617 -8541200
618 2310900
619 10956000
620 11355000
621 8391900
622 358160
623 -8661200
624 -9004800
625 -9219800
626 -6346400
627 -6454300
628 -4687500
629 -5771100
630 -5723400
631 -2749800
632 -1801200
633 3112400
634 4763600
635 5068000
636 483210
637 379910
638 -875780
639 6257800
640 13792000
641 17611000
642 16586000
643 9664300
644 2056100
645 -3420800
646 -6733100
647 -12585000
648 -11100000
649 -9842900
650 -4041400
651 5941600
652 10630000
653 8194900
654 3146900
655 -5215500
656 -11223000
657 -11474000
658 -10582000
659 -8211600
660 -2662500
661 551760
662 244110
663 1138400
664 -342790
665 64880
666 2046100
667 1899000
668 -281870
669 -1546700
670 -1533200
671 -21761
672 6673800
673 14256000
674 20092000
675 20285000
676 13447000
677 3684600
678 -3535900
679 -8529100
680 -15973000
681 -14238000
682 -10975000
683 -4298100
684 3866400
685 9332000
686 7756800
687 3891700
688 -1412700
689 -9293900
690 -9888800
691 -11462000
692 -9332700
693 -5777800
694 -82449
695 1664000
696 1677900
697 757810
698 -3115600
699 -2795900
700 -3014000
701 -2469900
702 -1908500
703 1400900
704 1094500
705 3898300
706 9600400
707 16925000
708 24130000
709 23259000
710 16827000
711 5079900
712 -2956800
713 -9933000
714 -18137000
715 -15144000
716 -11735000
717 -3549700
718 4899000
719 10474000
720 8600900
721 5571900
722 -79800
723 -8279600
724 -9115000
725 -12790000
726 -10753000
727 -10122000
728 -5394900
729 -1010100
730 2268600
731 3466400
732 167660
733 -1027000
734 -4270700
735 -5444500
736 -7471100
737 -5508900
738 -3782900
739 48388
740 5891900
741 14315000
742 25944000
743 31493000
744 26974000
745 17129000
746 600820
747 -11572000
748 -19760000
749 -22798000
750 -17528000
751 -10258000
752 1945600
753 10173000
754 15030000
755 13102000
756 8253700
757 -324380
758 -7278900
759 -12418000
760 -15232000
761 -12366000
762 -9932800
763 -3025600
764 840720
765 3082500
766 -224060
767 -3947800
768 -7601600
769 -9142700
770 -6903400
771 -6507500
772 -4518000
773 -2677300
774 1688500
775 8162200
776 16420000
777 25842000
778 31586000
779 30315000
780 20687000
781 6816300
782 -5388200
783 -16771000
784 -25558000
785 -21223000
786 -15491000
787 -2997800
788 9000800
789 15977000
790 16079000
791 11529000
792 4352800
793 -5403400
794 -9570300
795 -14797000
796 -15372000
797 -15261000
798 -10633000
799 -3822700
800 1117200
801 4402800
802 -120720
803 -4173300
804 -9048200
805 -11949000
806 -9611000
807 -6044200
808 -2457100
809 -163910
810 2177700
811 5671900
812 11646000
813 22108000
814 30551000
815 35066000
816 31176000
817 18757000
818 2432500
819 -8905100
820 -21804000
821 -26890000
822 -19964000
823 -15214000
824 -2036400
825 9109500
826 15288000
827 14575000
828 10814000
829 4308600
830 -4143400
831 -9329000
832 -14664000
833 -17105000
834 -17463000
835 -12423000
836 -7296700
837 -41644
838 5465800
839 3856900
840 -1133500
841 -6858300
842 -11932000
843 -13109000
844 -10805000
845 -7350200
846 -3707300
847 919660
848 5610900
849 11139000
850 17820000
851 25727000
852 32590000
853 33826000
854 31517000
855 20419000
856 5128400
857 -4351400
858 -18474000
859 -28442000
860 -25497000
861 -21470000
862 -11535000
863 220000
864 9415900
865 11281000
866 9992500
867 8583400
868 2588900
869 -1958700
870 -6012100
871 -9461300
872 -14635000
873 -15425000
874 -12552000
875 -10591000
876 -5487600
877 182240
878 1735100
879 -920680
880 -3212200
881 -5895900
882 -8134900
883 -5952500
884 -2657400
885 -323220
886 2815600
887 6519600
888 10833000
889 13386000
890 16457000
891 17747000
892 16219000
893 13948000
894 11942000
895 9093100
896 6246900
897 4260200
898 1319200
899 -2573200
900 -4415300
901 -5782900
902 -5978500
903 -5874700
904 -6182700
905 -5285800
906 -6398800
907 -6459100
908 -4878700
909 -4402100
910 -4307400
911 -3904900
912 -4380100
913 -4327900
914 -4134400
915 -3928200
916 -3762000
917 -4650200
918 -4399800
919 -3407800
920 -2388800
921 -1571300
922 -746420
923 -530280
924 -513380
925 -746400
926 -291040
927 -389550
928 -915850
929 -726880
930 147680
931 2343100
932 4459600
933 7622300
934 9630200
935 10741000
936 10723000
937 9913600
938 7900500
939 5011900
940 4209500
941 3527000
942 3115100
943 2274700
944 2089500
945 2757500
946 2846700
947 3073200
948 2997600
949 2598500
950 1396900
951 431190
952 -1573500
953 -3849800
954 -5512400
955 -5855000
956 -5803700
957 -5430600
958 -5907800
959 -6999800
960 -7807100
961 -8367600
962 -8628900
963 -8905000
964 -9132100
965 -8907900
966 -7902900
967 -6182600
968 -4100500
969 -2424500
970 -826750
971 817980
972 2341200
973 3329000
974 4390400
975 5112600
976 5293300
977 4964300
978 4995600
979 5702100
980 6047300
981 6332700
982 6656500
983 6659600
984 5922400
985 6158800
986 6160800
987 5770700
988 6117200
989 7365800
990 7748900
991 7443300
992 7194500
993 6089500
994 4337200
995 2828300
996 1698600
997 -412100
998 -2985800
999 -5832700
1000 -8192300
1001 -10068000
1002 -11293000
1003 -10818000
1004 -10420000
1005 -10015000
1006 -8563900
1007 -7426400
1008 -6194900
1009 -5305000
1010 -4296400
1011 -4418300
1012 -4937500
1013 -4867700
1014 -5187400
1015 -4766700
1016 -3706900
1017 -2234800
1018 -984920
1019 -6414.5
1020 539190
1021 1562500
1022 2105000
1023 2794100
1024 15661000
1025 10260000
1026 -3982600
1027 -7134800
1028 4946600
1029 17745000
1030 19976000
1031 15567000
1032 11054000
1033 4139500
1034 -16395000
1035 -34985000
1036 -24533000
1037 6063300
1038 19376000
1039 5031100
1040 -11935000
1041 -12518000
1042 -9065900
1043 -12198000
1044 -5432300
1045 14049000
1046 18294000
1047 1398800
1048 -9922000
1049 -747510
1050 16326000
1051 20927000
1052 15092000
1053 10777000
1054 9164500
1055 -4981200
1056 -30119000
1057 -32873000
1058 -2441600
1059 21599000
1060 11722000
1061 -10799000
1062 -17214000
1063 -10922000
1064 -10990000
1065 -7982100
1066 9611800
1067 18099000
1068 3439700
1069 -8637500
1070 714870
1071 16547000
1072 17970000
1073 10801000
1074 10395000
1075 12768000
1076 -3857800
1077 -33050000
1078 -32956000
1079 787160
1080 23753000
1081 10691000
1082 -13991000
1083 -17771000
1084 -8568000
1085 -8257700
1086 -5143300
1087 11683000
1088 16141000
1089 -218370
1090 -8086900
1091 5980600
1092 19603000
1093 15185000
1094 8710500
1095 11301000
1096 9724800
1097 -12924000
1098 -35234000
1099 -23481000
1100 8263100
1101 17824000
1102 -1255900
1103 -18029000
1104 -14948000
1105 -6329200
1106 -3215700
1107 4428600
1108 13362000
1109 7414000
1110 -3435900
1111 2136600
1112 15696000
1113 13941000
1114 7276700
1115 10623000
1116 15119000
1117 202860
1118 -29673000
1119 -32156000
1120 -2875400
1121 16449000
1122 5078800
1123 -14060000
1124 -17586000
1125 -10679000
1126 -1771600
1127 8586200
1128 12178000
1129 3241900
1130 -5018000
1131 3545800
1132 17516000
1133 13178000
1134 4372800
1135 8355900
1136 13369000
1137 730960
1138 -26257000
1139 -28729000
1140 -610900
1141 15015000
1142 2091800
1143 -15753000
1144 -18651000
1145 -9111200
1146 2007600
1147 9781700
1148 10351000
1149 1294200
1150 -2324000
1151 8957400
1152 17398000
1153 9709300
1154 4046200
1155 8644400
1156 10574000
1157 -4339300
1158 -25605000
1159 -22193000
1160 2481300
1161 12557000
1162 -2354700
1163 -19076000
1164 -19260000
1165 -5393300
1166 6974300
1167 10790000
1168 5855600
1169 -600280
1170 3532400
1171 14411000
1172 15705000
1173 6704700
1174 4136300
1175 8291100
1176 6132900
1177 -12887000
1178 -26134000
1179 -12352000
1180 8267000
1181 4982800
1182 -13083000
1183 -20790000
1184 -9456800
1185 4603500
1186 8666100
1187 5535000
1188 1486700
1189 4224800
1190 11017000
1191 14041000
1192 9971500
1193 6970600
1194 7938400
1195 6520500
1196 -8704600
1197 -23653000
1198 -14320000
1199 5060900
1200 5305100
1201 -11321000
1202 -22243000
1203 -11585000
1204 4669900
1205 8223500
1206 4617400
1207 2304900
1208 4922400
1209 10541000
1210 11300000
1211 8352500
1212 8479700
1213 10457000
1214 6957800
1215 -11478000
1216 -25182000
1217 -12083000
1218 7847100
1219 4632900
1220 -14614000
1221 -21703000
1222 -7974100
1223 5757400
1224 7251100
1225 4397300
1226 4740000
1227 6855500
1228 9427400
1229 10973000
1230 9754500
1231 8101300
1232 9096000
1233 3452100
1234 -17793000
1235 -24287000
1236 -4150300
1237 10582000
1238 -1472700
1239 -21806000
1240 -19992000
1241 -239190
1242 8982100
1243 4989500
1244 2720500
1245 5069000
1246 8385600
1247 10964000
1248 10006000
1249 8094900
1250 7998300
1251 10733000
1252 -1746400
1253 -24654000
1254 -20346000
1255 5548100
1256 11489000
1257 -9588600
1258 -25353000
1259 -14016000
1260 6086700
1261 8812600
1262 3020800
1263 2588800
1264 5033900
1265 9155100
1266 11867000
1267 9275800
1268 6450700
1269 6879900
1270 7766900
1271 -7545900
1272 -24460000
1273 -13280000
1274 8909000
1275 6474400
1276 -15099000
1277 -22444000
1278 -7490300
1279 7197000
1280 6986100
1281 2858100
1282 2833700
1283 6011200
1284 10290000
1285 9595400
1286 7997100
1287 7266500
1288 8026700
1289 2821300
1290 -16514000
1291 -23480000
1292 -3461400
1293 12232000
1294 -1726900
1295 -21205000
1296 -17565000
1297 1407900
1298 9785900
1299 4654100
1300 1426800
1301 3777000
1302 8674400
1303 10653000
1304 10016000
1305 8956800
1306 7281300
1307 7902400
1308 -3756300
1309 -23214000
1310 -18352000
1311 5042300
1312 9249100
1313 -10183000
1314 -23533000
1315 -12293000
1316 6013200
1317 7478200
1318 2021100
1319 2087100
1320 5300400
1321 9703100
1322 11315000
1323 8918100
1324 7478600
1325 8755800
1326 6844700
1327 -10338000
1328 -23754000
1329 -10674000
1330 10317000
1331 5792500
1332 -17353000
1333 -23583000
1334 -5322600
1335 8456400
1336 5675500
1337 2520800
1338 2188000
1339 5463500
1340 10855000
1341 10682000
1342 7086000
1343 7593300
1344 11066000
1345 5505100
1346 -15260000
1347 -25885000
1348 -8178400
1349 12379000
1350 4798500
1351 -17844000
1352 -22221000
1353 -5207800
1354 8116600
1355 6462800
1356 1243700
1357 176180
1358 6006000
1359 11068000
1360 10098000
1361 5779700
1362 6489100
1363 12175000
1364 9794400
1365 -11531000
1366 -26267000
1367 -11750000
1368 9731300
1369 6753700
1370 -12483000
1371 -21764000
1372 -10945000
1373 4029400
1374 5984900
1375 3144500
1376 149150
1377 1312200
1378 9886600
1379 13419000
1380 7406900
1381 5953600
1382 10573000
1383 11746000
1384 268170
1385 -19268000
1386 -18288000
1387 1447800
1388 9047500
1389 -4194200
1390 -19986000
1391 -19140000
1392 -4062500
1393 5215400
1394 3903800
1395 1390400
1396 -1044900
1397 2849200
1398 11339000
1399 13154000
1400 7808100
1401 7957800
1402 13780000
1403 13894000
1404 -5475500
1405 -25571000
1406 -15972000
1407 8633900
1408 9802300
1409 -9281400
1410 -20662000
1411 -15646000
1412 -3056400
1413 4652000
1414 4553400
1415 843370
1416 -2626100
1417 1120200
1418 11199000
1419 12633000
1420 5030100
1421 5978000
1422 14201000
1423 15038000
1424 1796500
1425 -21420000
1426 -24585000
1427 -15634
1428 16147000
1429 1134100
1430 -20045000
1431 -20085000
1432 -6099400
1433 1782500
1434 3160000
1435 3511800
1436 -383970
1437 -1878400
1438 5208800
1439 12449000
1440 8857400
1441 6032900
1442 13101000
1443 15625000
1444 8963000
1445 -1690200
1446 -20174000
1447 -21965000
1448 793960
1449 14215000
1450 -1174800
1451 -22830000
1452 -20691000
1453 -1671600
1454 3413300
1455 23096
1456 2309000
1457 -751010
1458 -4509000
1459 3297600
1460 12059000
1461 6622700
1462 3151800
1463 13684000
1464 18852000
1465 10288000
1466 5913900
1467 -5672800
1468 -22412000
1469 -17316000
1470 7959900
1471 12769000
1472 -11219000
1473 -23873000
1474 -9097600
1475 2003700
1476 -3144100
1477 -1166500
1478 6194300
1479 1335700
1480 -4158500
1481 3707300
1482 8751500
1483 2832300
1484 4723400
1485 16135000
1486 16225000
1487 4789700
1488 5823200
1489 8577100
1490 -14224000
1491 -29898000
1492 -7491200
1493 16433000
1494 3239900
1495 -20417000
1496 -16832000
1497 -1955600
1498 -1540800
1499 -2213300
1500 3658900
1501 2075300
1502 -4256700
1503 -1261200
1504 6159200
1505 3237200
1506 347300
1507 10452000
1508 15682000
1509 8419300
1510 3303100
1511 8000000
1512 15962000
1513 2626500
1514 -26141000
1515 -26271000
1516 3516000
1517 16203000
1518 -3400800
1519 -21508000
1520 -14177000
1521 2644900
1522 5245000
1523 -972450
1524 -3761400
1525 -4423800
1526 -4576800
1527 2382500
1528 7781000
1529 283650
1530 -860890
1531 11184000
1532 12639000
1533 3836200
1534 4341100
1535 11104000
1536 12760000
1537 11286000
1538 -1497700
1539 -24203000
1540 -25332000
1541 1801100
1542 17973000
1543 -864550
1544 -22899000
1545 -16302000
1546 1524300
1547 2969400
1548 -617760
1549 1579700
1550 -4115700
1551 -10676000
1552 -876680
1553 11593000
1554 4753800
1555 -4366000
1556 4729900
1557 12630000
1558 8404700
1559 3990400
1560 9294000
1561 11888000
1562 6663100
1563 5123900
1564 8201100
1565 -8161300
1566 -29115000
1567 -15354000
1568 13561000
1569 10260000
1570 -14565000
1571 -20074000
1572 -7463900
1573 -488950
1574 -460700
1575 1559200
1576 1743300
1577 -5988300
1578 -11365000
1579 -2703000
1580 6299200
1581 4397500
1582 2995300
1583 7122400
1584 6017300
1585 3197000
1586 6489400
1587 11119000
1588 13056000
1589 8947000
1590 2245700
1591 4109300
1592 10956000
1593 -561640
1594 -23325000
1595 -22089000
1596 1711400
1597 10841000
1598 -7718200
1599 -23124000
1600 -13509000
1601 1757600
1602 994280
1603 -2993800
1604 2763300
1605 2923400
1606 -5780800
1607 -6851200
1608 1967400
1609 5718000
1610 4002800
1611 2834100
1612 2469200
1613 2527600
1614 5920500
1615 10157000
1616 10377000
1617 6610100
1618 5809400
1619 7826000
1620 6871600
1621 5988200
1622 8240600
1623 -1683300
1624 -24011000
1625 -24490000
1626 287930
1627 10811000
1628 -6909800
1629 -19703000
1630 -10608000
1631 -2257100
1632 -3766700
1633 63954
1634 6539500
1635 906740
1636 -8197600
1637 -7124100
1638 262580
1639 3551200
1640 4602700
1641 6365500
1642 5173700
1643 1737200
1644 2380200
1645 8326900
1646 11034000
1647 8530800
1648 5291600
1649 4803600
1650 4904300
1651 5590400
1652 4360300
1653 3795100
1654 5273400
1655 701820
1656 -18361000
1657 -27583000
1658 -9121600
1659 9414300
1660 1257700
1661 -16020000
1662 -16349000
1663 -5218600
1664 -1888700
1665 -1772900
1666 5013800
1667 5749600
1668 -2706000
1669 -6966900
1670 -785040
1671 4996900
1672 3855700
1673 2289400
1674 3958400
1675 3131900
1676 1319300
1677 3665100
1678 6918400
1679 6501700
1680 4407800
1681 5516400
1682 7677000
1683 6115200
1684 3090200
1685 4402200
1686 6209900
1687 2431300
1688 -706860
1689 1037100
1690 1012300
1691 -10142000
1692 -24128000
1693 -18539000
1694 76326
1695 4142800
1696 -8427600
1697 -15972000
1698 -10073000
1699 -2103200
1700 1188200
1701 4602000
1702 6162200
1703 1496800
1704 -3859700
1705 -2278600
1706 5119300
1707 8048100
1708 5856700
1709 3141300
1710 -710350
1711 -1414500
1712 4205400
1713 8925000
1714 7112800
1715 2975300
1716 1568900
1717 3726900
1718 6673300
1719 5847800
1720 3861000
1721 2729500
1722 1859400
1723 1972900
1724 3089600
1725 -601110
1726 -1762700
1727 -915960
1728 -7552100
1729 -21123000
1730 -22806000
1731 -6877100
1732 4373500
1733 -3567700
1734 -14226000
1735 -11536000
1736 -2869500
1737 1482500
1738 2698800
1739 5664700
1740 4876500
1741 26555
1742 -1334100
1743 2950600
1744 7779800
1745 8394400
1746 6304900
1747 3374800
1748 1238200
1749 327400
1750 901540
1751 4222600
1752 6526400
1753 3624600
1754 -818680
1755 -669240
1756 2466200
1757 4122500
1758 3806700
1759 2739400
1760 839510
1761 -1142200
1762 -172280
1763 2130300
1764 2319100
1765 -3042600
1766 -3771000
1767 246480
1768 -4663000
1769 -19296000
1770 -22042000
1771 -5810100
1772 7437100
1773 467860
1774 -11845000
1775 -10988000
1776 -2647100
1777 2408800
1778 4890400
1779 8023500
1780 6812800
1781 429680
1782 -1984500
1783 3159900
1784 8681600
1785 8563200
1786 4533500
1787 1715000
1788 1048400
1789 886950
1790 1323700
1791 2130200
1792 1468500
1793 -609990
1794 -1366200
1795 -32294
1796 1199400
1797 402680
1798 -124480
1799 1001400
1800 1792700
1801 1098500
1802 274600
1803 1330600
1804 1913400
1805 726580
1806 -498380
1807 379370
1808 -888010
1809 -1016300
1810 596400
1811 -2882300
1812 -14443000
1813 -19709000
1814 -8011600
1815 6359500
1816 3683600
1817 -8432600
1818 -10548000
1819 -3589200
1820 1924200
1821 4229800
1822 6829200
1823 6558500
1824 1452300
1825 -2665500
1826 -335970
1827 5270300
1828 8095300
1829 5750800
1830 1607300
1831 35879
1832 1088600
1833 2601200
1834 3768700
1835 4355900
1836 2570100
1837 -3290300
1838 -7330400
1839 -2334600
1840 5033100
1841 4204500
1842 -2064800
1843 -4093100
1844 -245150
1845 3817000
1846 4655700
1847 3027300
1848 588670
1849 -458730
1850 719350
1851 1652400
1852 182200
1853 -2059000
1854 -2722600
1855 -399520
1856 1234700
1857 -1307700
1858 -10598000
1859 -19651000
1860 -13830000
1861 2320000
1862 7676200
1863 -2035400
1864 -10570000
1865 -7613800
1866 -413180
1867 3003200
1868 5068500
1869 7007700
1870 5261100
1871 406150
1872 -1650000
1873 2144900
1874 7405300
1875 9080300
1876 5553700
1877 617470
1878 -299140
1879 2054500
1880 4389700
1881 4847700
1882 3685900
1883 1383000
1884 -2733300
1885 -6449800
1886 -5355400
1887 570450
1888 3989800
1889 70396
1890 -5294200
1891 -4984500
1892 584110
1893 4851200
1894 3457900
1895 -222410
1896 -1386100
1897 86066
1898 1547200
1899 606360
1900 -1747600
1901 -2905500
1902 -1537400
1903 316530
1904 942020
1905 296070
1906 -1565000
1907 -8455700
1908 -14742000
1909 -9740800
1910 2480200
1911 6901000
1912 -379830
1913 -7853500
1914 -6650500
1915 -760250
1916 4122900
1917 7204900
1918 7165700
1919 3647800
1920 -798540
1921 -1899300
1922 1494400
1923 6380700
1924 8242100
1925 5020100
1926 -229370
1927 -1781200
1928 742730
1929 3418900
1930 3655200
1931 2390700
1932 156000
1933 -2214100
1934 -4331200
1935 -6076900
1936 -3225700
1937 2208000
1938 3042500
1939 -1617700
1940 -5393600
1941 -2751700
1942 3222700
1943 5595900
1944 2824600
1945 -146900
1946 -278230
1947 329680
1948 997550
1949 870010
1950 -826330
1951 -1968500
1952 -1763900
1953 -537380
1954 -327150
1955 -1239800
1956 -245810
1957 -872850
1958 -8364200
1959 -13409000
1960 -6778800
1961 4472300
1962 6663900
1963 -1172800
1964 -7542700
1965 -5698200
1966 249170
1967 4553200
1968 5852000
1969 5096400
1970 3319900
1971 470170
1972 -1652500
1973 -184060
1974 4523900
1975 7831000
1976 5328600
1977 -342340
1978 -2233400
1979 319290
1980 3075600
1981 3246700
1982 1732900
1983 272380
1984 -995970
1985 -2455900
1986 -4819400
1987 -4483800
1988 -13873
1989 3210900
1990 782090
1991 -3926300
1992 -4359900
1993 187130
1994 4107900
1995 4131700
1996 1747700
1997 -417960
1998 -926240
1999 -48757
2000 852250
2001 1217400
2002 -242930
2003 -1973500
2004 -2567500
2005 -2357000
2006 -1669400
2007 -382210
2008 876700
2009 947620
2010 -2597200
2011 -8475800
2012 -9747100
2013 -3657200
2014 3925700
2015 4899400
2016 -583740
2017 -5226500
2018 -4582200
2019 -321020
2020 3737300
2021 5469300
2022 5069900
2023 3353000
2024 1018600
2025 -1013400
2026 -542680
2027 3393300
2028 6803200
2029 5742500
2030 1552100
2031 -1492700
2032 -1206100
2033 963990
2034 2672600
2035 2689600
2036 1149000
2037 -682010
2038 -2171900
2039 -4254900
2040 -5099400
2041 -2353400
2042 1955900
2043 2587700
2044 -952240
2045 -3900900
2046 4994300
2047 7370600
2048 6756700
2049 7220200
2050 6450600
2051 6038200
2052 6772700
2053 7319500
2054 8768300
2055 11232000
2056 11626000
2057 11570000
2058 12239000
2059 12438000
2060 12683000
2061 12578000
2062 12401000
2063 13132000
2064 14264000
2065 15071000
2066 14003000
2067 11892000
2068 11743000
2069 11787000
2070 10637000
2071 10291000
2072 10571000
2073 10206000
2074 10495000
2075 11479000
2076 10826000
2077 8910600
2078 6755700
2079 4939300
2080 5583400
2081 6996800
2082 6924700
2083 7114900
2084 6709700
2085 6587300
2086 6534300
2087 4085700
2088 304520
2089 -5304500
2090 -11110000
2091 -13295000
2092 -14873000
2093 -14922000
2094 -14545000
2095 -16827000
2096 -15548000
2097 -12694000
2098 -13254000
2099 -13328000
2100 -13537000
2101 -12766000
2102 -10580000
2103 -10937000
2104 -10355000
2105 -9733900
2106 -11320000
2107 -10790000
2108 -10285000
2109 -11644000
2110 -12934000
2111 -14023000
2112 -12180000
2113 -8771400
2114 -8007000
2115 -8492300
2116 -8996500
2117 -9420800
2118 -8730800
2119 -7489100
2120 -6956600
2121 -6829600
2122 -6619800
2123 -5523400
2124 -3326900
2125 -3083900
2126 -5583500
2127 -6823000
2128 -6470300
2129 -6036700
2130 -5364000
2131 -3781900
2132 -1782900
2133 -1168600
2134 290100
2135 3257000
2136 3140900
2137 1297400
2138 1482600
2139 3511000
2140 5891400
2141 6671100
2142 7948900
2143 9635200
2144 9898200
2145 10816000
2146 11720000
2147 11612000
2148 12004000
2149 12467000
2150 14673000
2151 16100000
2152 14828000
2153 13974000
2154 13661000
2155 14133000
2156 15242000
2157 14350000
2158 14116000
2159 15465000
2160 16162000
2161 15225000
2162 13314000
2163 12833000
2164 12712000
2165 12183000
2166 12724000
2167 12927000
2168 11312000
2169 9689600
2170 10345000
2171 11352000
2172 9471200
2173 8030300
2174 6539000
2175 4489900
2176 2189700
2177 -3709400
2178 -8610500
2179 -10155000
2180 -13628000
2181 -16866000
2182 -21282000
2183 -23975000
2184 -19047000
2185 -14483000
2186 -11200000
2187 -7280800
2188 -6069000
2189 -4180500
2190 -4603400
2191 -8168500
2192 -9832000
2193 -14285000
2194 -17411000
2195 -15848000
2196 -15537000
2197 -14968000
2198 -15277000
2199 -16706000
2200 -15012000
2201 -14566000
2202 -14214000
2203 -11105000
2204 -8942100
2205 -5210300
2206 -40180
2207 1870500
2208 1035500
2209 -1373400
2210 -4190000
2211 -6734000
2212 -10592000
2213 -13675000
2214 -13818000
2215 -12937000
2216 -11394000
2217 -9075800
2218 -7742400
2219 -6240700
2220 -3761700
2221 -1248200
2222 2171100
2223 4811800
2224 5241100
2225 5857200
2226 6558500
2227 6138900
2228 3584200
2229 745440
2230 1349900
2231 2840300
2232 3747000
2233 6620600
2234 9546100
2235 11364000
2236 13468000
2237 15842000
2238 17062000
2239 15976000
2240 15849000
2241 16802000
2242 16370000
2243 15170000
2244 13616000
2245 12570000
2246 12297000
2247 12098000
2248 14299000
2249 15038000
2250 13112000
2251 14245000
2252 16378000
2253 16014000
2254 14979000
2255 15234000
2256 15205000
2257 11702000
2258 9411000
2259 11348000
2260 10215000
2261 7386000
2262 6298600
2263 3933000
2264 -1111300
2265 -6475900
2266 -9313800
2267 -11189000
2268 -14816000
2269 -16149000
2270 -14564000
2271 -11688000
2272 -8567900
2273 -7628500
2274 -6826100
2275 -5746200
2276 -6979300
2277 -9142500
2278 -10969000
2279 -12439000
2280 -13893000
2281 -15134000
2282 -14003000
2283 -14000000
2284 -16304000
2285 -16488000
2286 -15106000
2287 -13914000
2288 -12627000
2289 -11611000
2290 -9455300
2291 -6660400
2292 -4157200
2293 -2062100
2294 -2407700
2295 -4446100
2296 -6276100
2297 -8033500
2298 -8933300
2299 -10115000
2300 -12792000
2301 -14324000
2302 -13738000
2303 -12338000
2304 -10355000
2305 -8431600
2306 -6736600
2307 -4206900
2308 -1120900
2309 991900
2310 1777100
2311 2236800
2312 2691800
2313 2514900
2314 2182100
2315 1882000
2316 1093000
2317 755330
2318 2332500
2319 4212300
2320 4812200
2321 5798800
2322 8844700
2323 11926000
2324 14654000
2325 16782000
2326 17099000
2327 16578000
2328 16489000
2329 16135000
2330 15906000
2331 14593000
2332 12976000
2333 13232000
2334 14285000
2335 14980000
2336 14963000
2337 15436000
2338 17234000
2339 17955000
2340 17937000
2341 19263000
2342 18435000
2343 16536000
2344 14122000
2345 10240000
2346 6722200
2347 4624900
2348 1961100
2349 -691630
2350 -3745500
2351 -4437300
2352 -4054700
2353 -5659000
2354 -8941000
2355 -13760000
2356 -16651000
2357 -13624000
2358 -10787000
2359 -10850000
2360 -8579300
2361 -4135500
2362 -721640
2363 -1079800
2364 -3339000
2365 -7282200
2366 -14469000
2367 -19522000
2368 -17675000
2369 -16298000
2370 -16775000
2371 -15803000
2372 -12894000
2373 -10036000
2374 -8805700
2375 -8295800
2376 -6943800
2377 -6782300
2378 -5639100
2379 -2569000
2380 -899290
2381 -1140500
2382 -2873100
2383 -5149400
2384 -7068800
2385 -10666000
2386 -14779000
2387 -16110000
2388 -15854000
2389 -14352000
2390 -11897000
2391 -9355700
2392 -6737900
2393 -4488200
2394 -2098000
2395 1129500
2396 2791600
2397 3160900
2398 3529600
2399 3208400
2400 2566300
2401 1796300
2402 158930
2403 -1132600
2404 -1647200
2405 -498450
2406 2720300
2407 5910900
2408 8591500
2409 12081000
2410 15270000
2411 17594000
2412 18152000
2413 17293000
2414 16997000
2415 16757000
2416 15373000
2417 14280000
2418 13270000
2419 13266000
2420 14516000
2421 15822000
2422 17068000
2423 17330000
2424 16059000
2425 16026000
2426 16124000
2427 15522000
2428 16053000
2429 16889000
2430 15115000
2431 9750300
2432 3998000
2433 1447800
2434 -982510
2435 -4321100
2436 -5132200
2437 -7213500
2438 -13201000
2439 -17036000
2440 -13746000
2441 -8689700
2442 -7844400
2443 -7725300
2444 -2434800
2445 1865000
2446 1341800
2447 -914860
2448 -3852800
2449 -9648800
2450 -14693000
2451 -15515000
2452 -13573000
2453 -14033000
2454 -14754000
2455 -12154000
2456 -9323700
2457 -10162000
2458 -11725000
2459 -11035000
2460 -8984100
2461 -6782400
2462 -3655700
2463 165240
2464 1132000
2465 -709850
2466 -2393900
2467 -3895200
2468 -8004300
2469 -12458000
2470 -14562000
2471 -14723000
2472 -15067000
2473 -14427000
2474 -13015000
2475 -12391000
2476 -12537000
2477 -10321000
2478 -6228300
2479 -2874500
2480 -703150
2481 1994400
2482 4247500
2483 4691000
2484 3157400
2485 723940
2486 -1638200
2487 -3393500
2488 -3969000
2489 -2355600
2490 187270
2491 2652900
2492 5713500
2493 9673700
2494 13118000
2495 14704000
2496 15501000
2497 17382000
2498 18363000
2499 17528000
2500 17082000
2501 16645000
2502 15077000
2503 13841000
2504 14514000
2505 15604000
2506 15055000
2507 14978000
2508 17517000
2509 18824000
2510 18397000
2511 18891000
2512 18000000
2513 11778000
2514 3769000
2515 -35242
2516 -586630
2517 -2369000
2518 -3066300
2519 -2967600
2520 -7964600
2521 -14844000
2522 -14607000
2523 -10083000
2524 -9915200
2525 -10784000
2526 -4902200
2527 2463000
2528 3140200
2529 1623500
2530 954950
2531 -3501800
2532 -10568000
2533 -12692000
2534 -11365000
2535 -12762000
2536 -14628000
2537 -11188000
2538 -6660800
2539 -6131400
2540 -7681900
2541 -8236300
2542 -8450400
2543 -7057300
2544 -2453300
2545 2239700
2546 2281400
2547 201980
2548 -330510
2549 -1044800
2550 -5099500
2551 -10846000
2552 -14387000
2553 -15200000
2554 -15087000
2555 -14019000
2556 -12962000
2557 -13302000
2558 -13084000
2559 -11341000
2560 -8764500
2561 -6323200
2562 -3572100
2563 -21832
2564 2971400
2565 3983700
2566 4368600
2567 2646100
2568 -601870
2569 -2697000
2570 -3333100
2571 -3152200
2572 -1618400
2573 889460
2574 4417300
2575 6843200
2576 8666200
2577 11448000
2578 13591000
2579 15253000
2580 17567000
2581 18478000
2582 18168000
2583 17148000
2584 16304000
2585 16340000
2586 15844000
2587 14929000
2588 14604000
2589 14163000
2590 15507000
2591 17265000
2592 17339000
2593 15820000
2594 12256000
2595 7170900
2596 3847600
2597 2090100
2598 708620
2599 -1450400
2600 -2525200
2601 -3862300
2602 -9059400
2603 -13701000
2604 -12038000
2605 -9311400
2606 -9583900
2607 -8088500
2608 -2196500
2609 1747100
2610 64824
2611 -1200500
2612 -1931200
2613 -6379700
2614 -10901000
2615 -10560000
2616 -9108600
2617 -9462500
2618 -8870300
2619 -5155900
2620 -4117500
2621 -6953100
2622 -8359900
2623 -7229500
2624 -6497800
2625 -5286000
2626 -2349100
2627 734670
2628 833410
2629 -579790
2630 -849900
2631 -1959200
2632 -5561500
2633 -9066000
2634 -10099000
2635 -9298600
2636 -9149400
2637 -10571000
2638 -12452000
2639 -13635000
2640 -14135000
2641 -14075000
2642 -12514000
2643 -8688600
2644 -4237400
2645 -635990
2646 2352400
2647 4661500
2648 3949100
2649 771110
2650 -1433300
2651 -2343200
2652 -3645000
2653 -3893900
2654 -1573400
2655 2062100
2656 4465500
2657 5343800
2658 6069300
2659 7115300
2660 9174200
2661 12895000
2662 16801000
2663 18501000
2664 17804000
2665 16820000
2666 16555000
2667 15514000
2668 13296000
2669 12019000
2670 13285000
2671 15397000
2672 16908000
2673 17439000
2674 15853000
2675 13180000
2676 11265000
2677 8248400
2678 3408900
2679 -1888300
2680 -4128800
2681 -1789400
2682 965230
2683 -1163500
2684 -7058100
2685 -11338000
2686 -9165200
2687 -6829200
2688 -7981100
2689 -7433400
2690 -3709500
2691 -1572600
2692 -281870
2693 -651.86
2694 -2533000
2695 -8969100
2696 -12137000
2697 -9151800
2698 -7509000
2699 -9833700
2700 -8977500
2701 -5258200
2702 -3307500
2703 -4070100
2704 -5001500
2705 -5628300
2706 -6503300
2707 -4590100
2708 -72634
2709 2076800
2710 366460
2711 -1253000
2712 -1018300
2713 -1108400
2714 -4487300
2715 -8643100
2716 -10977000
2717 -10322000
2718 -8737400
2719 -8872300
2720 -11100000
2721 -13418000
2722 -14488000
2723 -13238000
2724 -10814000
2725 -7800300
2726 -4808700
2727 -1962700
2728 1844600
2729 4212900
2730 2275800
2731 -1269200
2732 -3029200
2733 -2913600
2734 -2179400
2735 -1235300
2736 248740
2737 1661800
2738 2995200
2739 5207200
2740 7104500
2741 8298600
2742 10030000
2743 13354000
2744 16642000
2745 18394000
2746 17720000
2747 16159000
2748 14917000
2749 14052000
2750 13255000
2751 13719000
2752 14160000
2753 14900000
2754 16369000
2755 16924000
2756 15392000
2757 11495000
2758 5902000
2759 1511500
2760 -861500
2761 -1572400
2762 -1090400
2763 -1203500
2764 -2033300
2765 -5978200
2766 -11268000
2767 -11577000
2768 -8500900
2769 -8051400
2770 -7314000
2771 -3400000
2772 838360
2773 386270
2774 -1845800
2775 -2729800
2776 -6306800
2777 -11567000
2778 -11322000
2779 -8312600
2780 -7327800
2781 -6546400
2782 -3468600
2783 -1093000
2784 -2760700
2785 -5494200
2786 -6063100
2787 -5497400
2788 -3677000
2789 -659990
2790 1783500
2791 2611000
2792 1525000
2793 -50979
2794 -1677300
2795 -4290100
2796 -7246800
2797 -8769900
2798 -8012500
2799 -6369200
2800 -6785500
2801 -9516000
2802 -12729000
2803 -14349000
2804 -14308000
2805 -13302000
2806 -10184000
2807 -5121600
2808 -1014500
2809 1517900
2810 2970800
2811 2412500
2812 -266430
2813 -2231900
2814 -1543000
2815 -313550
2816 -82273
2817 658540
2818 2419400
2819 3472300
2820 3318500
2821 3822700
2822 6013400
2823 8880900
2824 12429000
2825 16228000
2826 18432000
2827 17989000
2828 16029000
2829 14652000
2830 13905000
2831 12806000
2832 12514000
2833 13695000
2834 15456000
2835 16563000
2836 15755000
2837 13668000
2838 10542000
2839 6204800
2840 2764000
2841 1515500
2842 505680
2843 -1658700
2844 -3508200
2845 -2432600
2846 -2484300
2847 -8760400
2848 -15207000
2849 -13655000
2850 -8852600
2851 -7498600
2852 -6120900
2853 -1589300
2854 -570350
2855 -4294700
2856 -4866800
2857 -3925900
2858 -8809100
2859 -13148000
2860 -9638200
2861 -5468700
2862 -6847200
2863 -7875600
2864 -5445400
2865 -4832700
2866 -7216000
2867 -7300900
2868 -5225100
2869 -4126800
2870 -2479200
2871 1334600
2872 3827200
2873 2468600
2874 -757730
2875 -2182400
2876 -2509800
2877 -4237200
2878 -6271200
2879 -6472700
2880 -5991400
2881 -6984300
2882 -9113600
2883 -10518000
2884 -12047000
2885 -14185000
2886 -13197000
2887 -8787300
2888 -4807900
2889 -2452900
2890 114510
2891 2615200
2892 2934800
2893 1267400
2894 167480
2895 -554010
2896 -531070
2897 958680
2898 2834700
2899 4222900
2900 4831400
2901 4435200
2902 4514300
2903 5591900
2904 7811100
2905 11163000
2906 14853000
2907 17844000
2908 18506000
2909 17272000
2910 16381000
2911 15634000
2912 14272000
2913 13677000
2914 14703000
2915 15751000
2916 14381000
2917 13004000
2918 13567000
2919 12819000
2920 10102000
2921 7926400
2922 4791200
2923 17432
2924 -3323500
2925 -3007000
2926 -1906900
2927 -2552000
2928 -4983600
2929 -9670100
2930 -14016000
2931 -12993000
2932 -10145000
2933 -9569200
2934 -8507300
2935 -5564900
2936 -3843100
2937 -3982800
2938 -4741700
2939 -6406400
2940 -9604400
2941 -10492000
2942 -8120500
2943 -7301600
2944 -8680700
2945 -8655400
2946 -7431600
2947 -6648200
2948 -6438200
2949 -6467600
2950 -6261500
2951 -5066700
2952 -2072500
2953 754920
2954 898740
2955 -552730
2956 -1644900
2957 -2620700
2958 -3391700
2959 -4290100
2960 -5362500
2961 -5897900
2962 -6372300
2963 -7754400
2964 -9341200
2965 -11112000
2966 -13143000
2967 -13428000
2968 -10713000
2969 -7211100
2970 -4405800
2971 -1469800
2972 1195000
2973 2113700
2974 2118200
2975 2398300
2976 2116800
2977 1170600
2978 1518200
2979 2774900
2980 3241600
2981 3825600
2982 4882500
2983 5220200
2984 5597800
2985 6801100
2986 9477500
2987 13071000
2988 15706000
2989 17265000
2990 17219000
2991 14734000
2992 13395000
2993 13883000
2994 14019000
2995 14311000
2996 15355000
2997 16557000
2998 16010000
2999 12912000
3000 11170000
3001 11468000
3002 11499000
3003 11107000
3004 8079100
3005 3169700
3006 432560
3007 -959460
3008 -2519800
3009 -3501000
3010 -3870500
3011 -5408400
3012 -10570000
3013 -14106000
3014 -11244000
3015 -9170600
3016 -10510000
3017 -8859100
3018 -5144900
3019 -4392600
3020 -5355000
3021 -5165100
3022 -6315700
3023 -10120000
3024 -11018000
3025 -8145800
3026 -7754300
3027 -9379600
3028 -9013600
3029 -8121300
3030 -8262700
3031 -8378200
3032 -8395300
3033 -8424800
3034 -7384800
3035 -4494200
3036 -944900
3037 694500
3038 -280160
3039 -1766800
3040 -2791200
3041 -3825500
3042 -4886700
3043 -6226100
3044 -7715400
3045 -8479100
3046 -8940700
3047 -9844800
3048 -11155000
3049 -11916000
3050 -11209000
3051 -9416700
3052 -6896400
3053 -3710800
3054 -1104900
3055 756830
3056 2166900
3057 2646000
3058 2601400
3059 2399300
3060 1761200
3061 1739600
3062 3011000
3063 4269900
3064 4358200
3065 4879200
3066 5865400
3067 8279900
3068 9313800
3069 7660500
3070 5895600
3071 3411600
3072 6099900
3073 13447000
3074 6156600
3075 -5630900
3076 -24689000
3077 -53375000
3078 -37189000
3079 -25913000
3080 -16218000
3081 -21716000
3082 -20502000
3083 -14879000
3084 3858700
3085 12516000
3086 7086600
3087 -5348800
3088 -26975000
3089 -15744000
3090 -15921000
3091 -18227000
3092 -25307000
3093 -15817000
3094 -11054000
3095 7121100
3096 15856000
3097 9949100
3098 11789000
3099 9723400
3100 18116000
3101 12148000
3102 7639600
3103 -3324300
3104 144350
3105 2815500
3106 12225000
3107 14049000
3108 11946000
3109 16167000
3110 17766000
3111 16368000
3112 5586100
3113 -5772300
3114 -18765000
3115 -12761000
3116 -11134000
3117 -4454100
3118 -2507400
3119 2849300
3120 4834500
3121 7633300
3122 8704300
3123 -76936
3124 -5591500
3125 -5208600
3126 456150
3127 4887600
3128 11446000
3129 6982700
3130 11039000
3131 13261000
3132 16434000
3133 13031000
3134 10687000
3135 7696600
3136 15114000
3137 19456000
3138 20604000
3139 16598000
3140 15397000
3141 16156000
3142 7556100
3143 -2062100
3144 -41965000
3145 -51415000
3146 -43410000
3147 -18366000
3148 -11010000
3149 -7180900
3150 -11085000
3151 -12787000
3152 5012800
3153 13794000
3154 5967200
3155 -23600000
3156 -29651000
3157 -34201000
3158 -17087000
3159 -9930500
3160 -2199400
3161 -1809400
3162 3169100
3163 11722000
3164 15057000
3165 14578000
3166 4449200
3167 -3624000
3168 -14255000
3169 -7182000
3170 -2956000
3171 3636200
3172 6955800
3173 13302000
3174 16429000
3175 22898000
3176 21450000
3177 11849000
3178 -1498500
3179 -7200600
3180 -7472900
3181 -9107000
3182 -11012000
3183 -18659000
3184 -15804000
3185 -1418800
3186 14079000
3187 16041000
3188 5422700
3189 -7375000
3190 -14402000
3191 -9473400
3192 -1571600
3193 714340
3194 1342900
3195 3060400
3196 10121000
3197 22260000
3198 27289000
3199 17806000
3200 8633000
3201 6703300
3202 9775700
3203 14077000
3204 15360000
3205 20696000
3206 16736000
3207 18733000
3208 21383000
3209 18257000
3210 8793500
3211 13516000
3212 1549500
3213 -5753600
3214 -35411000
3215 -53427000
3216 -39525000
3217 -21755000
3218 -552010
3219 3201900
3220 -3569000
3221 -24745000
3222 -9534000
3223 -3537000
3224 1224600
3225 -16496000
3226 -29841000
3227 -41291000
3228 -24634000
3229 2373500
3230 15028000
3231 19187000
3232 5790600
3233 750760
3234 -7991500
3235 718080
3236 -918090
3237 -9243100
3238 -19157000
3239 -13915000
3240 3472900
3241 23712000
3242 34948000
3243 28336000
3244 15249000
3245 6978500
3246 947040
3247 -1930700
3248 -4043800
3249 -8766200
3250 -15480000
3251 -3938600
3252 10681000
3253 21162000
3254 22719000
3255 13116000
3256 -7375200
3257 -20578000
3258 -16610000
3259 -10210000
3260 -2261300
3261 -3035400
3262 -3289500
3263 -762250
3264 8344800
3265 14515000
3266 8939200
3267 -2164900
3268 -8335100
3269 -5007500
3270 6648200
3271 17982000
3272 20909000
3273 14531000
3274 8883100
3275 8397700
3276 9872100
3277 9859300
3278 9501500
3279 5695100
3280 4834300
3281 8753000
3282 13880000
3283 10498000
3284 11543000
3285 9144800
3286 6805900
3287 3340400
3288 -8508900
3289 -52535000
3290 -51898000
3291 -40923000
3292 -16762000
3293 5477500
3294 18064000
3295 -2926000
3296 -14966000
3297 -5040000
3298 107150
3299 2623400
3300 -12001000
3301 -26270000
3302 -41270000
3303 -16910000
3304 5161500
3305 28582000
3306 26580000
3307 17024000
3308 -7911800
3309 -13773000
3310 -3948800
3311 -576630
3312 1053700
3313 -2542800
3314 -4070400
3315 320910
3316 21296000
3317 27197000
3318 24625000
3319 7216100
3320 -3716700
3321 -13221000
3322 -7143000
3323 1.56
3324 5157400
3325 6212300
3326 4135900
3327 4083900
3328 6895600
3329 12239000
3330 4140500
3331 -5500000
3332 -15562000
3333 -21450000
3334 -17539000
3335 -5959900
3336 6271700
3337 13538000
3338 11807000
3339 5909800
3340 -1293800
3341 -6742600
3342 -9058600
3343 -9195700
3344 -6208800
3345 -52240
3346 3950500
3347 10672000
3348 11795000
3349 8632700
3350 6775200
3351 4793900
3352 4156000
3353 5831500
3354 9263000
3355 10092000
3356 13218000
3357 15198000
3358 9925000
3359 6360400
3360 2878100
3361 -4442700
3362 -3825600
3363 5853000
3364 11432000
3365 14160000
3366 10452000
3367 -4147.4
3368 -35117000
3369 -35992000
3370 -27896000
3371 -12797000
3372 -1390700
3373 11477000
3374 -4775700
3375 -6477700
3376 219010
3377 -759810
3378 480770
3379 -9869400
3380 -20417000
3381 -30465000
3382 -9089100
3383 -3872.8
3384 15764000
3385 18208000
3386 11211000
3387 -7152200
3388 -10304000
3389 -12172000
3390 -10750000
3391 -2838600
3392 -2006100
3393 -2123500
3394 4129600
3395 17248000
3396 20266000
3397 21938000
3398 9009600
3399 -5596700
3400 -16073000
3401 -11388000
3402 -6055900
3403 5409300
3404 13393000
3405 9949000
3406 6983100
3407 6469800
3408 6361000
3409 5380200
3410 3049800
3411 -3444700
3412 -8484800
3413 -5678900
3414 3499500
3415 11215000
3416 13921000
3417 8674500
3418 -2682300
3419 -11004000
3420 -13966000
3421 -14080000
3422 -8993000
3423 -5203300
3424 -397380
3425 2776300
3426 3622200
3427 -1776900
3428 -5525100
3429 -5019100
3430 -967940
3431 4206500
3432 4570400
3433 2553800
3434 1861100
3435 4434400
3436 9091500
3437 9787300
3438 6438900
3439 3328300
3440 3007700
3441 8694700
3442 10761000
3443 10217000
3444 6677300
3445 3050100
3446 232860
3447 287500
3448 702080
3449 362130
3450 4473700
3451 8133700
3452 12960000
3453 9789000
3454 8274900
3455 -7523100
3456 -36100000
3457 -37788000
3458 -30378000
3459 -11983000
3460 6170200
3461 15927000
3462 584270
3463 -1901600
3464 -3147900
3465 -3228300
3466 -2490100
3467 -8060700
3468 -20627000
3469 -24747000
3470 -9248400
3471 5174800
3472 22937000
3473 26252000
3474 16208000
3475 -5265900
3476 -14422000
3477 -19294000
3478 -12125000
3479 -3784900
3480 -694530
3481 -232300
3482 6956900
3483 12605000
3484 16243000
3485 17505000
3486 10099000
3487 -2909400
3488 -13481000
3489 -13519000
3490 -7334400
3491 4229100
3492 12399000
3493 12127000
3494 5854700
3495 775870
3496 -1756700
3497 -1554600
3498 -1356800
3499 -4377700
3500 -7064300
3501 -5290700
3502 934820
3503 8661500
3504 11562000
3505 6764500
3506 -80548
3507 -5024300
3508 -2800000
3509 1106100
3510 4320100
3511 3357500
3512 1904700
3513 1900600
3514 6577700
3515 5267400
3516 -694590
3517 -6074500
3518 -8236800
3519 -4600000
3520 3193800
3521 8571300
3522 7418500
3523 2200100
3524 -5629300
3525 -5964700
3526 -2010900
3527 3380600
3528 3423500
3529 1109100
3530 -2217800
3531 -4518400
3532 -3178400
3533 -389170
3534 946490
3535 -1734200
3536 -3455200
3537 -5007900
3538 -3632300
3539 1262300
3540 7284700
3541 8266900
3542 5931200
3543 1169400
3544 -1478900
3545 326200
3546 4507600
3547 8215500
3548 7302900
3549 4553000
3550 4112500
3551 3801500
3552 5125400
3553 3254600
3554 4404900
3555 1444000
3556 1338100
3557 1765700
3558 2522100
3559 -3093300
3560 -16689000
3561 -19755000
3562 -19114000
3563 -8754700
3564 1673900
3565 7934900
3566 -1327900
3567 -5820700
3568 -8913800
3569 -7938300
3570 -4000500
3571 -4517200
3572 -9755600
3573 -13962000
3574 -7135600
3575 411640
3576 12817000
3577 16175000
3578 9306600
3579 -4965400
3580 -12433000
3581 -12291000
3582 -5126300
3583 3972700
3584 7323300
3585 7225700
3586 7702700
3587 9509000
3588 8897200
3589 7906100
3590 3607800
3591 -2868400
3592 -6046800
3593 -4754400
3594 811030
3595 8689800
3596 12950000
3597 10829000
3598 4213900
3599 -1211600
3600 -5377300
3601 -5186200
3602 -3094200
3603 -1935500
3604 -914950
3605 1277400
3606 4773600
3607 7073400
3608 7475400
3609 3106800
3610 -1869000
3611 -8155700
3612 -9147400
3613 -5717900
3614 -254300
3615 4917500
3616 5814100
3617 3504600
3618 1429000
3619 783310
3620 -857100
3621 -975060
3622 -2094200
3623 -3160600
3624 -3738100
3625 -1425800
3626 514340
3627 1663900
3628 1398300
3629 554110
3630 -2325800
3631 -3172000
3632 -2170200
3633 -1225700
3634 -716450
3635 -508430
3636 -1215200
3637 -1116500
3638 964900
3639 2238600
3640 2225600
3641 98536
3642 -691470
3643 -1375200
3644 192980
3645 893880
3646 1834200
3647 2044600
3648 2285300
3649 1422900
3650 1715300
3651 3036400
3652 3307800
3653 3499000
3654 3201200
3655 2661600
3656 1646100
3657 2149900
3658 3086400
3659 3430900
3660 3434300
3661 2058100
3662 -687170
3663 -2125500
3664 -2456600
3665 -788530
3666 2220200
3667 2931900
3668 909150
3669 -1085300
3670 -2443200
3671 -1392700
3672 -79655
3673 163790
3674 -300360
3675 -2043600
3676 -3826200
3677 -2746500
3678 -1967100
3679 -3352100
3680 -5243800
3681 -9985500
3682 -11698000
3683 -8084900
3684 -3215000
3685 776650
3686 2348900
3687 839690
3688 -1495700
3689 -1154300
3690 -1888900
3691 -3474400
3692 -3945000
3693 -3798100
3694 -2667500
3695 911800
3696 4742100
3697 5316400
3698 4961400
3699 2495500
3700 -831750
3701 -2342500
3702 -754520
3703 923270
3704 2796300
3705 4451100
3706 4728100
3707 5527100
3708 5983100
3709 5231400
3710 2945700
3711 541990
3712 -1527500
3713 -1464400
3714 585260
3715 2941800
3716 4824400
3717 4419100
3718 2601800
3719 665830
3720 -883660
3721 -1596200
3722 -1917900
3723 -1340300
3724 -382570
3725 488110
3726 1801700
3727 3083000
3728 2550200
3729 1255600
3730 -1282300
3731 -3380700
3732 -3616000
3733 -2502500
3734 -960230
3735 372990
3736 893970
3737 658330
3738 289910
3739 135350
3740 -84923
3741 -752630
3742 -780610
3743 -1224500
3744 -1450000
3745 -699890
3746 496990
3747 1375500
3748 1718300
3749 1085600
3750 92069
3751 -142610
3752 196920
3753 156590
3754 945820
3755 1021300
3756 532240
3757 492480
3758 409140
3759 374100
3760 409570
3761 6766.9
3762 -289130
3763 -511280
3764 -109530
3765 337620
3766 886480
3767 790150
3768 127170
3769 -648740
3770 -1105200
3771 -1269000
3772 -995370
3773 -878240
3774 -213750
3775 -1782900
3776 -4379800
3777 -2741900
3778 -1283000
3779 1013800
3780 2228700
3781 598090
3782 -5407900
3783 -5654900
3784 -1492200
3785 3224200
3786 6728400
3787 5186600
3788 -628780
3789 -4350800
3790 -1998200
3791 955870
3792 4001100
3793 3483800
3794 509570
3795 -2171400
3796 -266260
3797 2026200
3798 4071300
3799 4787500
3800 2026300
3801 -1042800
3802 -1154600
3803 549100
3804 3158700
3805 4930800
3806 3716400
3807 1070400
3808 -111820
3809 41426
3810 1708700
3811 3074500
3812 1025400
3813 -513910
3814 -1914800
3815 -1573600
3816 1853700
3817 4912600
3818 3574400
3819 1286700
3820 -1767800
3821 -2920900
3822 -745410
3823 809050
3824 178200
3825 -2637200
3826 -4976200
3827 -5500100
3828 -2980000
3829 -418740
3830 633800
3831 -1373200
3832 -4467000
3833 -6054200
3834 -4569900
3835 -1356900
3836 1476100
3837 791410
3838 -3768900
3839 -6118300
3840 -5570900
3841 -2083800
3842 2248100
3843 3409000
3844 400320
3845 -2139600
3846 -2547300
3847 -1028300
3848 1931100
3849 2807300
3850 480710
3851 -1363800
3852 -853410
3853 1750100
3854 5060900
3855 6268300
3856 4264700
3857 940260
3858 -462070
3859 351170
3860 2215200
3861 3569900
3862 3462600
3863 2044200
3864 1000600
3865 770810
3866 1878600
3867 2509400
3868 1768800
3869 463520
3870 -679390
3871 -718690
3872 440690
3873 1853200
3874 1674100
3875 165260
3876 -1256800
3877 -1741600
3878 -878040
3879 -88973
3880 363510
3881 -131050
3882 -1125100
3883 -1541800
3884 -1204000
3885 -383320
3886 57522
3887 -332920
3888 -978930
3889 -1175000
3890 -842300
3891 169710
3892 539700
3893 413320
3894 -59708
3895 -420800
3896 -370300
3897 493920
3898 710580
3899 812410
3900 541490
3901 381130
3902 273670
3903 233840
3904 446230
3905 436930
3906 149050
3907 -397200
3908 -13795
3909 449310
3910 1074700
3911 1028200
3912 775130
3913 349730
3914 132840
3915 497630
3916 696430
3917 617460
3918 538800
3919 163620
3920 -42608
3921 173290
3922 155290
3923 6690.9
3924 58812
3925 -179280
3926 -169020
3927 147890
3928 381130
3929 767860
3930 468310
3931 -292750
3932 -330820
3933 -284700
3934 -340680
3935 -815330
3936 -1070800
3937 -1199100
3938 -864690
3939 -170860
3940 -344670
3941 60377
3942 -220160
3943 -525430
3944 -1143500
3945 -392510
3946 -3262700
3947 -3901400
3948 -576380
3949 1705000
3950 3532900
3951 3385800
3952 479820
3953 -2553300
3954 160730
3955 832010
3956 1964100
3957 -1468400
3958 -6149500
3959 -4594900
3960 2133000
3961 7381600
3962 8290300
3963 4723800
3964 -2795600
3965 -3418100
3966 -607700
3967 3214100
3968 4419500
3969 2975600
3970 89344
3971 897530
3972 3511600
3973 4286400
3974 3007600
3975 93549
3976 -2242700
3977 -2528200
3978 -4380.9
3979 2204800
3980 2688000
3981 614630
3982 -744090
3983 -927360
3984 1076000
3985 2291700
3986 2272700
3987 555220
3988 -915050
3989 -1164500
3990 -244670
3991 1161500
3992 172660
3993 -2395800
3994 -5058700
3995 -5065500
3996 -4412000
3997 -3260800
3998 -2182800
3999 -1900600
4000 -2306000
4001 -1588200
4002 128740
4003 -339690
4004 -2470200
4005 -3810200
4006 -3737600
4007 -2238500
4008 406410
4009 1887600
4010 923770
4011 -183350
4012 -219960
4013 295400
4014 944580
4015 554930
4016 -645800
4017 -1341600
4018 -213390
4019 1652200
4020 3299800
4021 3763500
4022 2389200
4023 814540
4024 287440
4025 559470
4026 1355600
4027 1940600
4028 1590400
4029 826190
4030 751820
4031 904790
4032 1033100
4033 767750
4034 -22693
4035 -474720
4036 -200240
4037 838850
4038 1393700
4039 1393600
4040 464320
4041 -474830
4042 -450840
4043 106560
4044 686670
4045 789610
4046 549360
4047 -4075.8
4048 26825
4049 355800
4050 516680
4051 291670
4052 -276730
4053 -685290
4054 -906050
4055 -230120
4056 495970
4057 804800
4058 650960
4059 260880
4060 -34606
4061 -9891.6
4062 278450
4063 186880
4064 88476
4065 30887
4066 437640
4067 898970
4068 1055700
4069 756700
4070 279940
4071 -59572
4072 -140390
4073 232240
4074 360820
4075 258320
4076 368120
4077 483070
4078 519490
4079 696570
4080 477220
4081 -172590
4082 -387620
4083 -385620
4084 62726
4085 501310
4086 447390
4087 50501
4088 -293530
4089 -348530
4090 -296640
4091 -63327
